timestamp,value,anomaly_score,label
2024-03-08 22:27:01.000000,176,0.0,0.0
2024-03-08 22:27:01.000000,189,0.0,0.0
2024-03-08 22:27:02.000000,434,0.0,0.0
2024-03-08 22:27:02.000000,435,0.0,0.0
2024-03-08 22:27:02.000000,435,0.0,0.0
2024-03-08 22:27:02.000000,436,0.0,0.0
2024-03-08 22:27:02.000000,256,1.0,0.0
2024-03-08 22:27:02.000000,437,0.0,0.0
2024-03-08 22:27:02.000000,438,0.0,0.0
2024-03-08 22:27:02.000000,439,0.0,0.0
2024-03-08 22:27:02.000000,440,0.0,0.0
2024-03-08 22:27:02.000000,442,0.0,0.0
2024-03-08 22:27:02.000000,245,0.0,0.0
2024-03-08 22:27:02.000000,443,0.0,0.0
2024-03-08 22:27:02.000000,444,0.0,0.0
2024-03-08 22:27:02.000000,445,0.0,0.0
2024-03-08 22:27:02.000000,212,0.0,0.0
2024-03-08 22:27:02.000000,433,0.0,0.0
2024-03-08 22:27:02.000000,432,0.0,0.0
2024-03-08 22:27:02.000000,435,0.0,0.0
2024-03-08 22:27:02.000000,431,0.0,0.0
2024-03-08 22:27:02.000000,195,0.0,0.0
2024-03-08 22:27:05.000000,272,0.0,0.0
2024-03-08 22:27:05.000000,257,0.0,0.0
2024-03-08 22:27:05.000000,273,0.0,0.0
2024-03-08 22:27:05.000000,274,0.0,0.0
2024-03-08 22:27:05.000000,196,0.0,0.0
2024-03-08 22:27:08.000000,143,0.0,0.0
2024-03-08 22:27:08.000000,143,0.0,0.0
2024-03-08 22:27:08.000000,144,0.0,0.0
2024-03-08 22:27:08.000000,205,1.0,0.0
2024-03-08 22:27:08.000000,197,0.0,0.0
2024-03-08 22:27:08.000000,203,0.0,0.0
2024-03-08 22:27:08.000000,204,1.0,0.0
2024-03-08 22:27:09.000000,145,0.0,0.0
2024-03-08 22:27:09.000000,143,0.0,0.0
2024-03-08 22:27:09.000000,143,0.0,0.0
2024-03-08 22:27:09.000000,198,0.0,0.0
2024-03-08 22:27:09.000000,518,1.0,0.0
2024-03-08 22:27:11.000000,198,0.0,0.0
2024-03-08 22:27:15.000000,257,0.0,0.0
2024-03-08 22:27:15.000000,452,0.0,0.0
2024-03-08 22:27:15.000000,435,0.0,0.0
2024-03-08 22:27:15.000000,257,0.0,0.0
2024-03-08 22:27:15.000000,454,0.0,0.0
2024-03-08 22:27:15.000000,455,0.0,0.0
2024-03-08 22:27:15.000000,257,0.0,0.0
2024-03-08 22:27:15.000000,451,0.0,0.0
2024-03-08 22:27:15.000000,456,0.0,0.0
2024-03-08 22:27:15.000000,257,0.0,0.0
2024-03-08 22:27:15.000000,257,0.0,0.0
2024-03-08 22:27:15.000000,443,0.0,0.0
2024-03-08 22:27:15.000000,257,0.0,0.0
2024-03-08 22:27:15.000000,257,0.0,0.0
2024-03-08 22:27:15.000000,257,0.0,0.0
2024-03-08 22:27:15.000000,449,0.0,0.0
2024-03-08 22:27:15.000000,448,0.0,0.0
2024-03-08 22:27:15.000000,257,0.0,0.0
2024-03-08 22:27:15.000000,447,1.0,0.0
2024-03-08 22:27:15.000000,257,0.0,0.0
2024-03-08 22:27:15.000000,353,0.0,0.0
2024-03-08 22:27:15.000000,353,0.0,0.0
2024-03-08 22:27:15.000000,266,0.0,0.0
2024-03-08 22:27:15.000000,352,0.0,0.0
2024-03-08 22:27:15.000000,446,0.0,0.0
2024-03-08 22:27:15.000000,457,1.0,0.0
2024-03-08 22:27:15.000000,450,0.0,0.0
2024-03-08 22:27:15.000000,458,1.0,0.0
2024-03-08 22:27:15.000000,353,0.0,0.0
2024-03-08 22:27:18.000000,143,0.0,0.0
2024-03-08 22:27:18.000000,143,0.0,0.0
2024-03-08 22:27:18.000000,143,0.0,0.0
2024-03-08 22:27:18.000000,203,0.0,0.0
2024-03-08 22:27:18.000000,144,0.0,0.0
2024-03-08 22:27:18.000000,145,0.0,0.0
2024-03-08 22:27:18.000000,143,0.0,0.0
2024-03-08 22:27:18.000000,197,0.0,0.0
2024-03-08 22:27:18.000000,200,0.0,0.0
2024-03-08 22:27:18.000000,204,1.0,0.0
2024-03-08 22:27:18.000000,205,1.0,0.0
2024-03-08 22:27:20.000000,200,0.0,0.0
2024-03-08 22:27:28.000000,203,0.0,0.0
2024-03-08 22:27:28.000000,205,1.0,0.0
2024-03-08 22:27:28.000000,143,0.0,0.0
2024-03-08 22:27:28.000000,144,0.0,0.0
2024-03-08 22:27:28.000000,143,0.0,0.0
2024-03-08 22:27:28.000000,204,1.0,0.0
2024-03-08 22:27:28.000000,145,0.0,0.0
2024-03-08 22:27:28.000000,143,0.0,0.0
2024-03-08 22:27:28.000000,143,0.0,0.0
2024-03-08 22:27:28.000000,201,0.0,0.0
2024-03-08 22:27:28.000000,197,0.0,0.0
2024-03-08 22:27:30.000000,201,0.0,0.0
2024-03-08 22:27:43.000000,192,0.0,0.0
2024-03-08 22:27:45.000000,193,0.0,0.0
2024-03-08 22:27:45.000000,287,1.0,0.0
2024-03-08 22:28:23.000000,189,0.0,0.0
2024-03-08 22:28:23.000000,431,0.0,0.0
2024-03-08 22:28:23.000000,432,0.0,0.0
2024-03-08 22:28:23.000000,444,0.0,0.0
2024-03-08 22:28:23.000000,443,0.0,0.0
2024-03-08 22:28:23.000000,245,0.0,0.0
2024-03-08 22:28:23.000000,435,0.0,0.0
2024-03-08 22:28:23.000000,442,0.0,0.0
2024-03-08 22:28:23.000000,440,0.0,0.0
2024-03-08 22:28:23.000000,439,0.0,0.0
2024-03-08 22:28:23.000000,438,0.0,0.0
2024-03-08 22:28:23.000000,437,0.0,0.0
2024-03-08 22:28:23.000000,256,1.0,0.0
2024-03-08 22:28:23.000000,436,0.0,0.0
2024-03-08 22:28:23.000000,435,0.0,0.0
2024-03-08 22:28:23.000000,435,0.0,0.0
2024-03-08 22:28:23.000000,434,0.0,0.0
2024-03-08 22:28:23.000000,433,0.0,0.0
2024-03-08 22:28:23.000000,445,0.0,0.0
2024-03-08 22:28:23.000000,212,0.0,0.0
2024-03-08 22:28:23.000000,195,0.0,0.0
2024-03-08 22:28:24.000000,274,0.0,0.0
2024-03-08 22:28:24.000000,257,0.0,0.0
2024-03-08 22:28:24.000000,273,0.0,0.0
2024-03-08 22:28:24.000000,196,0.0,0.0
2024-03-08 22:28:24.000000,272,0.0,0.0
2024-03-08 22:28:30.000000,143,0.0,0.0
2024-03-08 22:28:30.000000,342,1.0,0.0
2024-03-08 22:28:30.000000,342,1.0,0.0
2024-03-08 22:28:30.000000,199,0.0,0.0
2024-03-08 22:28:30.000000,341,0.0,0.0
2024-03-08 22:28:30.000000,144,0.0,0.0
2024-03-08 22:28:34.000000,353,0.0,0.0
2024-03-08 22:28:34.000000,435,0.0,0.0
2024-03-08 22:28:34.000000,257,0.0,0.0
2024-03-08 22:28:34.000000,257,0.0,0.0
2024-03-08 22:28:34.000000,451,0.0,0.0
2024-03-08 22:28:34.000000,257,0.0,0.0
2024-03-08 22:28:34.000000,458,1.0,0.0
2024-03-08 22:28:34.000000,455,0.0,0.0
2024-03-08 22:28:34.000000,450,0.0,0.0
2024-03-08 22:28:34.000000,257,0.0,0.0
2024-03-08 22:28:34.000000,452,0.0,0.0
2024-03-08 22:28:34.000000,454,0.0,0.0
2024-03-08 22:28:34.000000,257,0.0,0.0
2024-03-08 22:28:34.000000,257,0.0,0.0
2024-03-08 22:28:34.000000,353,0.0,0.0
2024-03-08 22:28:34.000000,353,0.0,0.0
2024-03-08 22:28:34.000000,266,0.0,0.0
2024-03-08 22:28:34.000000,352,0.0,0.0
2024-03-08 22:28:34.000000,446,0.0,0.0
2024-03-08 22:28:34.000000,443,0.0,0.0
2024-03-08 22:28:34.000000,447,1.0,0.0
2024-03-08 22:28:34.000000,449,0.0,0.0
2024-03-08 22:28:34.000000,257,0.0,0.0
2024-03-08 22:28:34.000000,257,0.0,0.0
2024-03-08 22:28:34.000000,456,0.0,0.0
2024-03-08 22:28:34.000000,257,0.0,0.0
2024-03-08 22:28:34.000000,257,0.0,0.0
2024-03-08 22:28:34.000000,448,0.0,0.0
2024-03-08 22:28:34.000000,457,1.0,0.0
2024-03-08 22:29:14.000000,189,0.0,0.0
2024-03-08 22:29:14.000000,272,0.0,0.0
2024-03-08 22:29:14.000000,273,0.0,0.0
2024-03-08 22:29:14.000000,196,0.0,0.0
2024-03-08 22:29:14.000000,432,0.0,0.0
2024-03-08 22:29:14.000000,433,0.0,0.0
2024-03-08 22:29:14.000000,434,0.0,0.0
2024-03-08 22:29:14.000000,435,0.0,0.0
2024-03-08 22:29:14.000000,435,0.0,0.0
2024-03-08 22:29:14.000000,436,0.0,0.0
2024-03-08 22:29:14.000000,256,1.0,0.0
2024-03-08 22:29:14.000000,437,0.0,0.0
2024-03-08 22:29:14.000000,438,0.0,0.0
2024-03-08 22:29:14.000000,439,0.0,0.0
2024-03-08 22:29:14.000000,440,0.0,0.0
2024-03-08 22:29:14.000000,442,0.0,0.0
2024-03-08 22:29:14.000000,435,0.0,0.0
2024-03-08 22:29:14.000000,245,0.0,0.0
2024-03-08 22:29:14.000000,443,0.0,0.0
2024-03-08 22:29:14.000000,444,0.0,0.0
2024-03-08 22:29:14.000000,212,0.0,0.0
2024-03-08 22:29:14.000000,257,0.0,0.0
2024-03-08 22:29:14.000000,274,0.0,0.0
2024-03-08 22:29:14.000000,195,0.0,0.0
2024-03-08 22:29:14.000000,445,0.0,0.0
2024-03-08 22:29:14.000000,431,0.0,0.0
2024-03-08 22:29:24.000000,257,0.0,0.0
2024-03-08 22:29:24.000000,257,0.0,0.0
2024-03-08 22:29:24.000000,448,0.0,0.0
2024-03-08 22:29:24.000000,257,0.0,0.0
2024-03-08 22:29:24.000000,449,0.0,0.0
2024-03-08 22:29:24.000000,257,0.0,0.0
2024-03-08 22:29:24.000000,450,0.0,0.0
2024-03-08 22:29:24.000000,257,0.0,0.0
2024-03-08 22:29:24.000000,451,0.0,0.0
2024-03-08 22:29:24.000000,257,0.0,0.0
2024-03-08 22:29:24.000000,257,0.0,0.0
2024-03-08 22:29:24.000000,452,0.0,0.0
2024-03-08 22:29:24.000000,454,0.0,0.0
2024-03-08 22:29:24.000000,443,0.0,0.0
2024-03-08 22:29:24.000000,257,0.0,0.0
2024-03-08 22:29:24.000000,455,0.0,0.0
2024-03-08 22:29:24.000000,456,0.0,0.0
2024-03-08 22:29:24.000000,257,0.0,0.0
2024-03-08 22:29:24.000000,257,0.0,0.0
2024-03-08 22:29:24.000000,457,1.0,0.0
2024-03-08 22:29:24.000000,458,1.0,0.0
2024-03-08 22:29:24.000000,435,0.0,0.0
2024-03-08 22:29:24.000000,353,0.0,0.0
2024-03-08 22:29:24.000000,447,1.0,0.0
2024-03-08 22:29:24.000000,353,0.0,0.0
2024-03-08 22:29:24.000000,266,0.0,0.0
2024-03-08 22:29:24.000000,352,0.0,0.0
2024-03-08 22:29:24.000000,446,0.0,0.0
2024-03-08 22:29:24.000000,353,0.0,0.0
2024-03-08 22:30:00.000000,433,0.0,0.0
2024-03-08 22:30:00.000000,432,0.0,0.0
2024-03-08 22:30:00.000000,431,0.0,0.0
2024-03-08 22:30:00.000000,195,0.0,0.0
2024-03-08 22:30:00.000000,189,0.0,0.0
2024-03-08 22:30:00.000000,212,0.0,0.0
2024-03-08 22:30:00.000000,445,0.0,0.0
2024-03-08 22:30:00.000000,444,0.0,0.0
2024-03-08 22:30:00.000000,443,0.0,0.0
2024-03-08 22:30:00.000000,435,0.0,0.0
2024-03-08 22:30:00.000000,435,0.0,0.0
2024-03-08 22:30:00.000000,442,0.0,0.0
2024-03-08 22:30:00.000000,440,0.0,0.0
2024-03-08 22:30:00.000000,439,0.0,0.0
2024-03-08 22:30:00.000000,438,0.0,0.0
2024-03-08 22:30:00.000000,437,0.0,0.0
2024-03-08 22:30:00.000000,256,1.0,0.0
2024-03-08 22:30:00.000000,436,0.0,0.0
2024-03-08 22:30:00.000000,435,0.0,0.0
2024-03-08 22:30:00.000000,434,0.0,0.0
2024-03-08 22:30:00.000000,245,0.0,0.0
2024-03-08 22:30:01.000000,257,0.0,0.0
2024-03-08 22:30:01.000000,196,0.0,0.0
2024-03-08 22:30:01.000000,274,0.0,0.0
2024-03-08 22:30:01.000000,272,0.0,0.0
2024-03-08 22:30:01.000000,273,0.0,0.0
2024-03-08 22:30:11.000000,449,0.0,0.0
2024-03-08 22:30:11.000000,257,0.0,0.0
2024-03-08 22:30:11.000000,450,0.0,0.0
2024-03-08 22:30:11.000000,257,0.0,0.0
2024-03-08 22:30:11.000000,451,0.0,0.0
2024-03-08 22:30:11.000000,257,0.0,0.0
2024-03-08 22:30:11.000000,257,0.0,0.0
2024-03-08 22:30:11.000000,452,0.0,0.0
2024-03-08 22:30:11.000000,457,1.0,0.0
2024-03-08 22:30:11.000000,257,0.0,0.0
2024-03-08 22:30:11.000000,257,0.0,0.0
2024-03-08 22:30:11.000000,456,0.0,0.0
2024-03-08 22:30:11.000000,455,0.0,0.0
2024-03-08 22:30:11.000000,257,0.0,0.0
2024-03-08 22:30:11.000000,443,0.0,0.0
2024-03-08 22:30:11.000000,454,0.0,0.0
2024-03-08 22:30:11.000000,257,0.0,0.0
2024-03-08 22:30:11.000000,458,1.0,0.0
2024-03-08 22:30:11.000000,448,0.0,0.0
2024-03-08 22:30:11.000000,435,0.0,0.0
2024-03-08 22:30:11.000000,447,1.0,0.0
2024-03-08 22:30:11.000000,446,0.0,0.0
2024-03-08 22:30:11.000000,352,0.0,0.0
2024-03-08 22:30:11.000000,266,0.0,0.0
2024-03-08 22:30:11.000000,257,0.0,0.0
2024-03-08 22:30:11.000000,353,0.0,0.0
2024-03-08 22:30:11.000000,353,0.0,0.0
2024-03-08 22:30:11.000000,257,0.0,0.0
2024-03-08 22:30:11.000000,353,0.0,0.0
2024-03-08 22:30:42.000000,439,0.0,0.0
2024-03-08 22:30:42.000000,440,0.0,0.0
2024-03-08 22:30:42.000000,442,0.0,0.0
2024-03-08 22:30:42.000000,245,0.0,0.0
2024-03-08 22:30:42.000000,443,0.0,0.0
2024-03-08 22:30:42.000000,444,0.0,0.0
2024-03-08 22:30:42.000000,445,0.0,0.0
2024-03-08 22:30:42.000000,272,0.0,0.0
2024-03-08 22:30:42.000000,189,0.0,0.0
2024-03-08 22:30:42.000000,438,0.0,0.0
2024-03-08 22:30:42.000000,274,0.0,0.0
2024-03-08 22:30:42.000000,196,0.0,0.0
2024-03-08 22:30:42.000000,195,0.0,0.0
2024-03-08 22:30:42.000000,212,0.0,0.0
2024-03-08 22:30:42.000000,257,0.0,0.0
2024-03-08 22:30:42.000000,273,0.0,0.0
2024-03-08 22:30:42.000000,437,0.0,0.0
2024-03-08 22:30:42.000000,435,0.0,0.0
2024-03-08 22:30:42.000000,436,0.0,0.0
2024-03-08 22:30:42.000000,435,0.0,0.0
2024-03-08 22:30:42.000000,435,0.0,0.0
2024-03-08 22:30:42.000000,434,0.0,0.0
2024-03-08 22:30:42.000000,433,0.0,0.0
2024-03-08 22:30:42.000000,432,0.0,0.0
2024-03-08 22:30:42.000000,431,0.0,0.0
2024-03-08 22:30:42.000000,256,1.0,0.0
2024-03-08 22:30:53.000000,257,0.0,0.0
2024-03-08 22:30:53.000000,449,0.0,0.0
2024-03-08 22:30:53.000000,457,1.0,0.0
2024-03-08 22:30:53.000000,458,1.0,0.0
2024-03-08 22:30:53.000000,446,0.0,0.0
2024-03-08 22:30:53.000000,352,0.0,0.0
2024-03-08 22:30:53.000000,353,0.0,0.0
2024-03-08 22:30:53.000000,353,0.0,0.0
2024-03-08 22:30:53.000000,353,0.0,0.0
2024-03-08 22:30:53.000000,450,0.0,0.0
2024-03-08 22:30:53.000000,257,0.0,0.0
2024-03-08 22:30:53.000000,447,1.0,0.0
2024-03-08 22:30:53.000000,257,0.0,0.0
2024-03-08 22:30:53.000000,266,0.0,0.0
2024-03-08 22:30:53.000000,257,0.0,0.0
2024-03-08 22:30:53.000000,451,0.0,0.0
2024-03-08 22:30:53.000000,257,0.0,0.0
2024-03-08 22:30:53.000000,456,0.0,0.0
2024-03-08 22:30:53.000000,257,0.0,0.0
2024-03-08 22:30:53.000000,452,0.0,0.0
2024-03-08 22:30:53.000000,455,0.0,0.0
2024-03-08 22:30:53.000000,257,0.0,0.0
2024-03-08 22:30:53.000000,443,0.0,0.0
2024-03-08 22:30:53.000000,454,0.0,0.0
2024-03-08 22:30:53.000000,257,0.0,0.0
2024-03-08 22:30:53.000000,435,0.0,0.0
2024-03-08 22:30:53.000000,448,0.0,0.0
2024-03-08 22:30:53.000000,257,0.0,0.0
2024-03-08 22:30:53.000000,257,0.0,0.0
2024-03-08 22:31:48.000000,192,0.0,0.0
2024-03-08 22:31:49.000000,193,0.0,0.0
2024-03-08 22:31:50.000000,287,1.0,0.0
2024-03-08 22:32:06.000000,143,0.0,0.0
2024-03-08 22:32:06.000000,205,1.0,0.0
2024-03-08 22:32:06.000000,143,0.0,0.0
2024-03-08 22:32:06.000000,144,0.0,0.0
2024-03-08 22:32:06.000000,145,0.0,0.0
2024-03-08 22:32:06.000000,143,0.0,0.0
2024-03-08 22:32:06.000000,201,0.0,0.0
2024-03-08 22:32:06.000000,197,0.0,0.0
2024-03-08 22:32:06.000000,204,1.0,0.0
2024-03-08 22:32:06.000000,203,0.0,0.0
2024-03-08 22:32:06.000000,143,0.0,0.0
2024-03-08 22:32:07.000000,201,0.0,0.0
2024-03-08 22:32:53.000000,443,0.0,0.0
2024-03-08 22:32:53.000000,257,0.0,0.0
2024-03-08 22:32:53.000000,435,0.0,0.0
2024-03-08 22:32:53.000000,442,0.0,0.0
2024-03-08 22:32:53.000000,440,0.0,0.0
2024-03-08 22:32:53.000000,245,0.0,0.0
2024-03-08 22:32:53.000000,444,0.0,0.0
2024-03-08 22:32:53.000000,189,0.0,0.0
2024-03-08 22:32:53.000000,439,0.0,0.0
2024-03-08 22:32:53.000000,272,0.0,0.0
2024-03-08 22:32:53.000000,273,0.0,0.0
2024-03-08 22:32:53.000000,445,0.0,0.0
2024-03-08 22:32:53.000000,438,0.0,0.0
2024-03-08 22:32:53.000000,212,0.0,0.0
2024-03-08 22:32:53.000000,256,1.0,0.0
2024-03-08 22:32:53.000000,274,0.0,0.0
2024-03-08 22:32:53.000000,196,0.0,0.0
2024-03-08 22:32:53.000000,195,0.0,0.0
2024-03-08 22:32:53.000000,431,0.0,0.0
2024-03-08 22:32:53.000000,432,0.0,0.0
2024-03-08 22:32:53.000000,437,0.0,0.0
2024-03-08 22:32:53.000000,433,0.0,0.0
2024-03-08 22:32:53.000000,434,0.0,0.0
2024-03-08 22:32:53.000000,435,0.0,0.0
2024-03-08 22:32:53.000000,435,0.0,0.0
2024-03-08 22:32:53.000000,436,0.0,0.0
2024-03-08 22:33:03.000000,435,0.0,0.0
2024-03-08 22:33:03.000000,257,0.0,0.0
2024-03-08 22:33:03.000000,454,0.0,0.0
2024-03-08 22:33:03.000000,443,0.0,0.0
2024-03-08 22:33:03.000000,257,0.0,0.0
2024-03-08 22:33:03.000000,257,0.0,0.0
2024-03-08 22:33:03.000000,456,0.0,0.0
2024-03-08 22:33:03.000000,257,0.0,0.0
2024-03-08 22:33:03.000000,457,1.0,0.0
2024-03-08 22:33:03.000000,458,1.0,0.0
2024-03-08 22:33:03.000000,452,0.0,0.0
2024-03-08 22:33:03.000000,455,0.0,0.0
2024-03-08 22:33:03.000000,451,0.0,0.0
2024-03-08 22:33:03.000000,257,0.0,0.0
2024-03-08 22:33:03.000000,353,0.0,0.0
2024-03-08 22:33:03.000000,450,0.0,0.0
2024-03-08 22:33:03.000000,257,0.0,0.0
2024-03-08 22:33:03.000000,449,0.0,0.0
2024-03-08 22:33:03.000000,257,0.0,0.0
2024-03-08 22:33:03.000000,448,0.0,0.0
2024-03-08 22:33:03.000000,257,0.0,0.0
2024-03-08 22:33:03.000000,447,1.0,0.0
2024-03-08 22:33:03.000000,257,0.0,0.0
2024-03-08 22:33:03.000000,353,0.0,0.0
2024-03-08 22:33:03.000000,446,0.0,0.0
2024-03-08 22:33:03.000000,353,0.0,0.0
2024-03-08 22:33:03.000000,266,0.0,0.0
2024-03-08 22:33:03.000000,257,0.0,0.0
2024-03-08 22:33:03.000000,352,0.0,0.0
2024-03-08 22:33:33.000000,431,0.0,0.0
2024-03-08 22:33:33.000000,432,0.0,0.0
2024-03-08 22:33:33.000000,189,0.0,0.0
2024-03-08 22:33:34.000000,212,0.0,0.0
2024-03-08 22:33:34.000000,257,0.0,0.0
2024-03-08 22:33:34.000000,445,0.0,0.0
2024-03-08 22:33:34.000000,444,0.0,0.0
2024-03-08 22:33:34.000000,195,0.0,0.0
2024-03-08 22:33:34.000000,196,0.0,0.0
2024-03-08 22:33:34.000000,274,0.0,0.0
2024-03-08 22:33:34.000000,443,0.0,0.0
2024-03-08 22:33:34.000000,435,0.0,0.0
2024-03-08 22:33:34.000000,435,0.0,0.0
2024-03-08 22:33:34.000000,272,0.0,0.0
2024-03-08 22:33:34.000000,245,0.0,0.0
2024-03-08 22:33:34.000000,434,0.0,0.0
2024-03-08 22:33:34.000000,435,0.0,0.0
2024-03-08 22:33:34.000000,436,0.0,0.0
2024-03-08 22:33:34.000000,256,1.0,0.0
2024-03-08 22:33:34.000000,437,0.0,0.0
2024-03-08 22:33:34.000000,433,0.0,0.0
2024-03-08 22:33:34.000000,273,0.0,0.0
2024-03-08 22:33:34.000000,442,0.0,0.0
2024-03-08 22:33:34.000000,438,0.0,0.0
2024-03-08 22:33:34.000000,439,0.0,0.0
2024-03-08 22:33:34.000000,440,0.0,0.0
2024-03-08 22:33:44.000000,451,0.0,0.0
2024-03-08 22:33:44.000000,458,1.0,0.0
2024-03-08 22:33:44.000000,457,1.0,0.0
2024-03-08 22:33:44.000000,257,0.0,0.0
2024-03-08 22:33:44.000000,456,0.0,0.0
2024-03-08 22:33:44.000000,455,0.0,0.0
2024-03-08 22:33:44.000000,257,0.0,0.0
2024-03-08 22:33:44.000000,443,0.0,0.0
2024-03-08 22:33:44.000000,448,0.0,0.0
2024-03-08 22:33:44.000000,257,0.0,0.0
2024-03-08 22:33:44.000000,435,0.0,0.0
2024-03-08 22:33:44.000000,452,0.0,0.0
2024-03-08 22:33:44.000000,257,0.0,0.0
2024-03-08 22:33:44.000000,257,0.0,0.0
2024-03-08 22:33:44.000000,450,0.0,0.0
2024-03-08 22:33:44.000000,257,0.0,0.0
2024-03-08 22:33:44.000000,449,0.0,0.0
2024-03-08 22:33:44.000000,257,0.0,0.0
2024-03-08 22:33:44.000000,454,0.0,0.0
2024-03-08 22:33:44.000000,257,0.0,0.0
2024-03-08 22:33:44.000000,257,0.0,0.0
2024-03-08 22:33:44.000000,257,0.0,0.0
2024-03-08 22:33:44.000000,447,1.0,0.0
2024-03-08 22:33:44.000000,446,0.0,0.0
2024-03-08 22:33:44.000000,352,0.0,0.0
2024-03-08 22:33:44.000000,266,0.0,0.0
2024-03-08 22:33:44.000000,353,0.0,0.0
2024-03-08 22:33:44.000000,353,0.0,0.0
2024-03-08 22:33:44.000000,353,0.0,0.0
2024-03-08 22:34:10.000000,433,0.0,0.0
2024-03-08 22:34:10.000000,434,0.0,0.0
2024-03-08 22:34:10.000000,435,0.0,0.0
2024-03-08 22:34:10.000000,435,0.0,0.0
2024-03-08 22:34:10.000000,436,0.0,0.0
2024-03-08 22:34:10.000000,189,0.0,0.0
2024-03-08 22:34:10.000000,256,1.0,0.0
2024-03-08 22:34:10.000000,437,0.0,0.0
2024-03-08 22:34:10.000000,438,0.0,0.0
2024-03-08 22:34:10.000000,439,0.0,0.0
2024-03-08 22:34:10.000000,440,0.0,0.0
2024-03-08 22:34:10.000000,442,0.0,0.0
2024-03-08 22:34:10.000000,435,0.0,0.0
2024-03-08 22:34:10.000000,245,0.0,0.0
2024-03-08 22:34:10.000000,443,0.0,0.0
2024-03-08 22:34:10.000000,444,0.0,0.0
2024-03-08 22:34:10.000000,212,0.0,0.0
2024-03-08 22:34:10.000000,432,0.0,0.0
2024-03-08 22:34:10.000000,431,0.0,0.0
2024-03-08 22:34:10.000000,445,0.0,0.0
2024-03-08 22:34:10.000000,195,0.0,0.0
2024-03-08 22:34:11.000000,272,0.0,0.0
2024-03-08 22:34:11.000000,257,0.0,0.0
2024-03-08 22:34:11.000000,196,0.0,0.0
2024-03-08 22:34:11.000000,274,0.0,0.0
2024-03-08 22:34:11.000000,273,0.0,0.0
2024-03-08 22:34:21.000000,447,1.0,0.0
2024-03-08 22:34:21.000000,257,0.0,0.0
2024-03-08 22:34:21.000000,448,0.0,0.0
2024-03-08 22:34:21.000000,353,0.0,0.0
2024-03-08 22:34:21.000000,353,0.0,0.0
2024-03-08 22:34:21.000000,353,0.0,0.0
2024-03-08 22:34:21.000000,266,0.0,0.0
2024-03-08 22:34:21.000000,352,0.0,0.0
2024-03-08 22:34:21.000000,446,0.0,0.0
2024-03-08 22:34:21.000000,257,0.0,0.0
2024-03-08 22:34:21.000000,449,0.0,0.0
2024-03-08 22:34:21.000000,451,0.0,0.0
2024-03-08 22:34:21.000000,257,0.0,0.0
2024-03-08 22:34:21.000000,257,0.0,0.0
2024-03-08 22:34:21.000000,257,0.0,0.0
2024-03-08 22:34:21.000000,257,0.0,0.0
2024-03-08 22:34:21.000000,458,1.0,0.0
2024-03-08 22:34:21.000000,257,0.0,0.0
2024-03-08 22:34:21.000000,452,0.0,0.0
2024-03-08 22:34:21.000000,435,0.0,0.0
2024-03-08 22:34:21.000000,257,0.0,0.0
2024-03-08 22:34:21.000000,454,0.0,0.0
2024-03-08 22:34:21.000000,443,0.0,0.0
2024-03-08 22:34:21.000000,450,0.0,0.0
2024-03-08 22:34:21.000000,455,0.0,0.0
2024-03-08 22:34:21.000000,456,0.0,0.0
2024-03-08 22:34:21.000000,257,0.0,0.0
2024-03-08 22:34:21.000000,257,0.0,0.0
2024-03-08 22:34:21.000000,457,1.0,0.0
2024-03-08 22:35:03.000000,192,0.0,0.0
2024-03-08 22:35:05.000000,287,1.0,0.0
2024-03-08 22:35:05.000000,193,0.0,0.0
2024-03-08 22:35:08.000000,199,0.0,0.0
2024-03-08 22:35:08.000000,199,0.0,0.0
2024-03-08 22:35:08.000000,341,0.0,0.0
2024-03-08 22:35:08.000000,143,0.0,0.0
2024-03-08 22:35:08.000000,143,0.0,0.0
2024-03-08 22:35:08.000000,144,0.0,0.0
2024-03-08 22:35:36.000000,256,1.0,0.0
2024-03-08 22:35:36.000000,257,0.0,0.0
2024-03-08 22:35:36.000000,212,0.0,0.0
2024-03-08 22:35:36.000000,436,0.0,0.0
2024-03-08 22:35:36.000000,189,0.0,0.0
2024-03-08 22:35:36.000000,444,0.0,0.0
2024-03-08 22:35:36.000000,443,0.0,0.0
2024-03-08 22:35:36.000000,245,0.0,0.0
2024-03-08 22:35:36.000000,435,0.0,0.0
2024-03-08 22:35:36.000000,442,0.0,0.0
2024-03-08 22:35:36.000000,440,0.0,0.0
2024-03-08 22:35:36.000000,439,0.0,0.0
2024-03-08 22:35:36.000000,445,0.0,0.0
2024-03-08 22:35:36.000000,435,0.0,0.0
2024-03-08 22:35:36.000000,434,0.0,0.0
2024-03-08 22:35:36.000000,433,0.0,0.0
2024-03-08 22:35:36.000000,432,0.0,0.0
2024-03-08 22:35:36.000000,431,0.0,0.0
2024-03-08 22:35:36.000000,274,0.0,0.0
2024-03-08 22:35:36.000000,196,0.0,0.0
2024-03-08 22:35:36.000000,195,0.0,0.0
2024-03-08 22:35:36.000000,438,0.0,0.0
2024-03-08 22:35:36.000000,273,0.0,0.0
2024-03-08 22:35:36.000000,272,0.0,0.0
2024-03-08 22:35:36.000000,435,0.0,0.0
2024-03-08 22:35:36.000000,437,0.0,0.0
2024-03-08 22:35:47.000000,443,0.0,0.0
2024-03-08 22:35:47.000000,352,0.0,0.0
2024-03-08 22:35:47.000000,446,0.0,0.0
2024-03-08 22:35:47.000000,458,1.0,0.0
2024-03-08 22:35:47.000000,457,1.0,0.0
2024-03-08 22:35:47.000000,257,0.0,0.0
2024-03-08 22:35:47.000000,257,0.0,0.0
2024-03-08 22:35:47.000000,456,0.0,0.0
2024-03-08 22:35:47.000000,455,0.0,0.0
2024-03-08 22:35:47.000000,257,0.0,0.0
2024-03-08 22:35:47.000000,454,0.0,0.0
2024-03-08 22:35:47.000000,257,0.0,0.0
2024-03-08 22:35:47.000000,435,0.0,0.0
2024-03-08 22:35:47.000000,257,0.0,0.0
2024-03-08 22:35:47.000000,451,0.0,0.0
2024-03-08 22:35:47.000000,452,0.0,0.0
2024-03-08 22:35:47.000000,450,0.0,0.0
2024-03-08 22:35:47.000000,266,0.0,0.0
2024-03-08 22:35:47.000000,353,0.0,0.0
2024-03-08 22:35:47.000000,353,0.0,0.0
2024-03-08 22:35:47.000000,353,0.0,0.0
2024-03-08 22:35:47.000000,257,0.0,0.0
2024-03-08 22:35:47.000000,257,0.0,0.0
2024-03-08 22:35:47.000000,447,1.0,0.0
2024-03-08 22:35:47.000000,448,0.0,0.0
2024-03-08 22:35:47.000000,257,0.0,0.0
2024-03-08 22:35:47.000000,449,0.0,0.0
2024-03-08 22:35:47.000000,257,0.0,0.0
2024-03-08 22:35:47.000000,257,0.0,0.0
2024-03-08 22:36:57.000000,433,0.0,0.0
2024-03-08 22:36:57.000000,432,0.0,0.0
2024-03-08 22:36:57.000000,431,0.0,0.0
2024-03-08 22:36:57.000000,274,0.0,0.0
2024-03-08 22:36:57.000000,272,0.0,0.0
2024-03-08 22:36:57.000000,195,0.0,0.0
2024-03-08 22:36:57.000000,257,0.0,0.0
2024-03-08 22:36:57.000000,189,0.0,0.0
2024-03-08 22:36:57.000000,434,0.0,0.0
2024-03-08 22:36:57.000000,196,0.0,0.0
2024-03-08 22:36:57.000000,435,0.0,0.0
2024-03-08 22:36:57.000000,438,0.0,0.0
2024-03-08 22:36:57.000000,436,0.0,0.0
2024-03-08 22:36:57.000000,212,0.0,0.0
2024-03-08 22:36:57.000000,445,0.0,0.0
2024-03-08 22:36:57.000000,444,0.0,0.0
2024-03-08 22:36:57.000000,443,0.0,0.0
2024-03-08 22:36:57.000000,435,0.0,0.0
2024-03-08 22:36:57.000000,245,0.0,0.0
2024-03-08 22:36:57.000000,435,0.0,0.0
2024-03-08 22:36:57.000000,442,0.0,0.0
2024-03-08 22:36:57.000000,273,0.0,0.0
2024-03-08 22:36:57.000000,256,1.0,0.0
2024-03-08 22:36:57.000000,437,0.0,0.0
2024-03-08 22:36:57.000000,440,0.0,0.0
2024-03-08 22:36:57.000000,439,0.0,0.0
2024-03-08 22:37:07.000000,353,0.0,0.0
2024-03-08 22:37:07.000000,257,0.0,0.0
2024-03-08 22:37:07.000000,435,0.0,0.0
2024-03-08 22:37:07.000000,452,0.0,0.0
2024-03-08 22:37:07.000000,257,0.0,0.0
2024-03-08 22:37:07.000000,451,0.0,0.0
2024-03-08 22:37:07.000000,257,0.0,0.0
2024-03-08 22:37:07.000000,257,0.0,0.0
2024-03-08 22:37:07.000000,353,0.0,0.0
2024-03-08 22:37:07.000000,449,0.0,0.0
2024-03-08 22:37:07.000000,257,0.0,0.0
2024-03-08 22:37:07.000000,448,0.0,0.0
2024-03-08 22:37:07.000000,447,1.0,0.0
2024-03-08 22:37:07.000000,352,0.0,0.0
2024-03-08 22:37:07.000000,266,0.0,0.0
2024-03-08 22:37:07.000000,353,0.0,0.0
2024-03-08 22:37:07.000000,257,0.0,0.0
2024-03-08 22:37:07.000000,450,0.0,0.0
2024-03-08 22:37:07.000000,257,0.0,0.0
2024-03-08 22:37:07.000000,446,0.0,0.0
2024-03-08 22:37:07.000000,257,0.0,0.0
2024-03-08 22:37:07.000000,454,0.0,0.0
2024-03-08 22:37:07.000000,443,0.0,0.0
2024-03-08 22:37:07.000000,257,0.0,0.0
2024-03-08 22:37:07.000000,455,0.0,0.0
2024-03-08 22:37:07.000000,456,0.0,0.0
2024-03-08 22:37:07.000000,257,0.0,0.0
2024-03-08 22:37:07.000000,457,1.0,0.0
2024-03-08 22:37:07.000000,458,1.0,0.0
2024-03-08 22:38:13.000000,438,0.0,0.0
2024-03-08 22:38:13.000000,439,0.0,0.0
2024-03-08 22:38:13.000000,440,0.0,0.0
2024-03-08 22:38:13.000000,442,0.0,0.0
2024-03-08 22:38:13.000000,435,0.0,0.0
2024-03-08 22:38:13.000000,443,0.0,0.0
2024-03-08 22:38:13.000000,437,0.0,0.0
2024-03-08 22:38:13.000000,444,0.0,0.0
2024-03-08 22:38:13.000000,445,0.0,0.0
2024-03-08 22:38:13.000000,212,0.0,0.0
2024-03-08 22:38:13.000000,245,0.0,0.0
2024-03-08 22:38:13.000000,256,1.0,0.0
2024-03-08 22:38:13.000000,435,0.0,0.0
2024-03-08 22:38:13.000000,189,0.0,0.0
2024-03-08 22:38:13.000000,436,0.0,0.0
2024-03-08 22:38:13.000000,432,0.0,0.0
2024-03-08 22:38:13.000000,433,0.0,0.0
2024-03-08 22:38:13.000000,195,0.0,0.0
2024-03-08 22:38:13.000000,431,0.0,0.0
2024-03-08 22:38:13.000000,434,0.0,0.0
2024-03-08 22:38:13.000000,435,0.0,0.0
2024-03-08 22:38:14.000000,274,0.0,0.0
2024-03-08 22:38:14.000000,273,0.0,0.0
2024-03-08 22:38:14.000000,272,0.0,0.0
2024-03-08 22:38:14.000000,257,0.0,0.0
2024-03-08 22:38:14.000000,196,0.0,0.0
2024-03-08 22:38:24.000000,446,0.0,0.0
2024-03-08 22:38:24.000000,352,0.0,0.0
2024-03-08 22:38:24.000000,266,0.0,0.0
2024-03-08 22:38:24.000000,353,0.0,0.0
2024-03-08 22:38:24.000000,353,0.0,0.0
2024-03-08 22:38:24.000000,452,0.0,0.0
2024-03-08 22:38:24.000000,257,0.0,0.0
2024-03-08 22:38:24.000000,447,1.0,0.0
2024-03-08 22:38:24.000000,458,1.0,0.0
2024-03-08 22:38:24.000000,457,1.0,0.0
2024-03-08 22:38:24.000000,257,0.0,0.0
2024-03-08 22:38:24.000000,257,0.0,0.0
2024-03-08 22:38:24.000000,456,0.0,0.0
2024-03-08 22:38:24.000000,455,0.0,0.0
2024-03-08 22:38:24.000000,257,0.0,0.0
2024-03-08 22:38:24.000000,443,0.0,0.0
2024-03-08 22:38:24.000000,454,0.0,0.0
2024-03-08 22:38:24.000000,257,0.0,0.0
2024-03-08 22:38:24.000000,435,0.0,0.0
2024-03-08 22:38:24.000000,353,0.0,0.0
2024-03-08 22:38:24.000000,257,0.0,0.0
2024-03-08 22:38:24.000000,451,0.0,0.0
2024-03-08 22:38:24.000000,257,0.0,0.0
2024-03-08 22:38:24.000000,450,0.0,0.0
2024-03-08 22:38:24.000000,257,0.0,0.0
2024-03-08 22:38:24.000000,449,0.0,0.0
2024-03-08 22:38:24.000000,257,0.0,0.0
2024-03-08 22:38:24.000000,257,0.0,0.0
2024-03-08 22:38:24.000000,448,0.0,0.0
2024-03-08 22:38:35.000000,197,0.0,0.0
2024-03-08 22:38:35.000000,198,0.0,0.0
2024-03-08 22:38:35.000000,143,0.0,0.0
2024-03-08 22:38:35.000000,145,0.0,0.0
2024-03-08 22:38:35.000000,144,0.0,0.0
2024-03-08 22:38:35.000000,143,0.0,0.0
2024-03-08 22:38:35.000000,143,0.0,0.0
2024-03-08 22:38:35.000000,143,0.0,0.0
2024-03-08 22:38:36.000000,198,0.0,0.0
2024-03-08 22:39:19.000000,245,0.0,0.0
2024-03-08 22:39:19.000000,212,0.0,0.0
2024-03-08 22:39:19.000000,445,0.0,0.0
2024-03-08 22:39:19.000000,444,0.0,0.0
2024-03-08 22:39:19.000000,443,0.0,0.0
2024-03-08 22:39:19.000000,435,0.0,0.0
2024-03-08 22:39:19.000000,437,0.0,0.0
2024-03-08 22:39:19.000000,440,0.0,0.0
2024-03-08 22:39:19.000000,439,0.0,0.0
2024-03-08 22:39:19.000000,438,0.0,0.0
2024-03-08 22:39:19.000000,274,0.0,0.0
2024-03-08 22:39:19.000000,196,0.0,0.0
2024-03-08 22:39:19.000000,195,0.0,0.0
2024-03-08 22:39:19.000000,256,1.0,0.0
2024-03-08 22:39:19.000000,436,0.0,0.0
2024-03-08 22:39:19.000000,435,0.0,0.0
2024-03-08 22:39:19.000000,434,0.0,0.0
2024-03-08 22:39:19.000000,433,0.0,0.0
2024-03-08 22:39:19.000000,432,0.0,0.0
2024-03-08 22:39:19.000000,431,0.0,0.0
2024-03-08 22:39:19.000000,442,0.0,0.0
2024-03-08 22:39:19.000000,435,0.0,0.0
2024-03-08 22:39:19.000000,257,0.0,0.0
2024-03-08 22:39:19.000000,273,0.0,0.0
2024-03-08 22:39:19.000000,272,0.0,0.0
2024-03-08 22:39:19.000000,189,0.0,0.0
2024-03-08 22:39:29.000000,353,0.0,0.0
2024-03-08 22:39:29.000000,353,0.0,0.0
2024-03-08 22:39:29.000000,443,0.0,0.0
2024-03-08 22:39:29.000000,257,0.0,0.0
2024-03-08 22:39:29.000000,455,0.0,0.0
2024-03-08 22:39:29.000000,257,0.0,0.0
2024-03-08 22:39:29.000000,257,0.0,0.0
2024-03-08 22:39:29.000000,257,0.0,0.0
2024-03-08 22:39:29.000000,457,1.0,0.0
2024-03-08 22:39:29.000000,458,1.0,0.0
2024-03-08 22:39:29.000000,456,0.0,0.0
2024-03-08 22:39:29.000000,435,0.0,0.0
2024-03-08 22:39:29.000000,454,0.0,0.0
2024-03-08 22:39:29.000000,257,0.0,0.0
2024-03-08 22:39:29.000000,353,0.0,0.0
2024-03-08 22:39:29.000000,266,0.0,0.0
2024-03-08 22:39:29.000000,352,0.0,0.0
2024-03-08 22:39:29.000000,446,0.0,0.0
2024-03-08 22:39:29.000000,257,0.0,0.0
2024-03-08 22:39:29.000000,452,0.0,0.0
2024-03-08 22:39:29.000000,257,0.0,0.0
2024-03-08 22:39:29.000000,447,1.0,0.0
2024-03-08 22:39:29.000000,448,0.0,0.0
2024-03-08 22:39:29.000000,257,0.0,0.0
2024-03-08 22:39:29.000000,449,0.0,0.0
2024-03-08 22:39:29.000000,257,0.0,0.0
2024-03-08 22:39:29.000000,450,0.0,0.0
2024-03-08 22:39:29.000000,257,0.0,0.0
2024-03-08 22:39:29.000000,451,0.0,0.0
2024-03-08 22:40:19.000000,431,0.0,0.0
2024-03-08 22:40:19.000000,432,0.0,0.0
2024-03-08 22:40:19.000000,433,0.0,0.0
2024-03-08 22:40:19.000000,434,0.0,0.0
2024-03-08 22:40:19.000000,195,0.0,0.0
2024-03-08 22:40:19.000000,436,0.0,0.0
2024-03-08 22:40:19.000000,435,0.0,0.0
2024-03-08 22:40:19.000000,212,0.0,0.0
2024-03-08 22:40:19.000000,435,0.0,0.0
2024-03-08 22:40:19.000000,444,0.0,0.0
2024-03-08 22:40:19.000000,443,0.0,0.0
2024-03-08 22:40:19.000000,245,0.0,0.0
2024-03-08 22:40:19.000000,435,0.0,0.0
2024-03-08 22:40:19.000000,442,0.0,0.0
2024-03-08 22:40:19.000000,440,0.0,0.0
2024-03-08 22:40:19.000000,439,0.0,0.0
2024-03-08 22:40:19.000000,445,0.0,0.0
2024-03-08 22:40:19.000000,438,0.0,0.0
2024-03-08 22:40:19.000000,437,0.0,0.0
2024-03-08 22:40:19.000000,189,0.0,0.0
2024-03-08 22:40:19.000000,256,1.0,0.0
2024-03-08 22:40:20.000000,274,0.0,0.0
2024-03-08 22:40:20.000000,257,0.0,0.0
2024-03-08 22:40:20.000000,272,0.0,0.0
2024-03-08 22:40:20.000000,196,0.0,0.0
2024-03-08 22:40:20.000000,273,0.0,0.0
2024-03-08 22:40:30.000000,448,0.0,0.0
2024-03-08 22:40:30.000000,450,0.0,0.0
2024-03-08 22:40:30.000000,257,0.0,0.0
2024-03-08 22:40:30.000000,449,0.0,0.0
2024-03-08 22:40:30.000000,257,0.0,0.0
2024-03-08 22:40:30.000000,257,0.0,0.0
2024-03-08 22:40:30.000000,266,0.0,0.0
2024-03-08 22:40:30.000000,257,0.0,0.0
2024-03-08 22:40:30.000000,353,0.0,0.0
2024-03-08 22:40:30.000000,353,0.0,0.0
2024-03-08 22:40:30.000000,353,0.0,0.0
2024-03-08 22:40:30.000000,352,0.0,0.0
2024-03-08 22:40:30.000000,446,0.0,0.0
2024-03-08 22:40:30.000000,447,1.0,0.0
2024-03-08 22:40:30.000000,257,0.0,0.0
2024-03-08 22:40:30.000000,451,0.0,0.0
2024-03-08 22:40:30.000000,452,0.0,0.0
2024-03-08 22:40:30.000000,435,0.0,0.0
2024-03-08 22:40:30.000000,257,0.0,0.0
2024-03-08 22:40:30.000000,454,0.0,0.0
2024-03-08 22:40:30.000000,443,0.0,0.0
2024-03-08 22:40:30.000000,257,0.0,0.0
2024-03-08 22:40:30.000000,455,0.0,0.0
2024-03-08 22:40:30.000000,456,0.0,0.0
2024-03-08 22:40:30.000000,257,0.0,0.0
2024-03-08 22:40:30.000000,257,0.0,0.0
2024-03-08 22:40:30.000000,257,0.0,0.0
2024-03-08 22:40:30.000000,457,1.0,0.0
2024-03-08 22:40:30.000000,458,1.0,0.0
2024-03-08 22:41:19.000000,209,0.0,0.0
2024-03-08 22:41:19.000000,210,0.0,0.0
2024-03-08 22:41:19.000000,211,0.0,0.0
2024-03-08 22:41:23.000000,192,0.0,0.0
2024-03-08 22:41:24.000000,193,0.0,0.0
2024-03-08 22:41:25.000000,287,1.0,0.0
2024-03-08 22:42:01.000000,341,0.0,0.0
2024-03-08 22:42:01.000000,143,0.0,0.0
2024-03-08 22:42:01.000000,144,0.0,0.0
2024-03-08 22:42:01.000000,199,0.0,0.0
2024-03-08 22:42:48.000000,192,0.0,0.0
2024-03-08 22:42:50.000000,193,0.0,0.0
2024-03-08 22:42:51.000000,287,1.0,0.0
2024-03-08 22:44:04.000000,438,0.0,0.0
2024-03-08 22:44:04.000000,439,0.0,0.0
2024-03-08 22:44:04.000000,440,0.0,0.0
2024-03-08 22:44:04.000000,442,0.0,0.0
2024-03-08 22:44:04.000000,274,0.0,0.0
2024-03-08 22:44:04.000000,245,0.0,0.0
2024-03-08 22:44:04.000000,443,0.0,0.0
2024-03-08 22:44:04.000000,444,0.0,0.0
2024-03-08 22:44:04.000000,445,0.0,0.0
2024-03-08 22:44:04.000000,212,0.0,0.0
2024-03-08 22:44:04.000000,257,0.0,0.0
2024-03-08 22:44:04.000000,435,0.0,0.0
2024-03-08 22:44:04.000000,437,0.0,0.0
2024-03-08 22:44:04.000000,436,0.0,0.0
2024-03-08 22:44:04.000000,431,0.0,0.0
2024-03-08 22:44:04.000000,196,0.0,0.0
2024-03-08 22:44:04.000000,195,0.0,0.0
2024-03-08 22:44:04.000000,273,0.0,0.0
2024-03-08 22:44:04.000000,272,0.0,0.0
2024-03-08 22:44:04.000000,189,0.0,0.0
2024-03-08 22:44:04.000000,256,1.0,0.0
2024-03-08 22:44:04.000000,433,0.0,0.0
2024-03-08 22:44:04.000000,434,0.0,0.0
2024-03-08 22:44:04.000000,435,0.0,0.0
2024-03-08 22:44:04.000000,435,0.0,0.0
2024-03-08 22:44:04.000000,432,0.0,0.0
2024-03-08 22:44:14.000000,257,0.0,0.0
2024-03-08 22:44:14.000000,353,0.0,0.0
2024-03-08 22:44:14.000000,446,0.0,0.0
2024-03-08 22:44:14.000000,353,0.0,0.0
2024-03-08 22:44:14.000000,352,0.0,0.0
2024-03-08 22:44:14.000000,257,0.0,0.0
2024-03-08 22:44:14.000000,435,0.0,0.0
2024-03-08 22:44:14.000000,455,0.0,0.0
2024-03-08 22:44:14.000000,451,0.0,0.0
2024-03-08 22:44:14.000000,257,0.0,0.0
2024-03-08 22:44:14.000000,450,0.0,0.0
2024-03-08 22:44:14.000000,257,0.0,0.0
2024-03-08 22:44:14.000000,449,0.0,0.0
2024-03-08 22:44:14.000000,257,0.0,0.0
2024-03-08 22:44:14.000000,458,1.0,0.0
2024-03-08 22:44:14.000000,457,1.0,0.0
2024-03-08 22:44:14.000000,452,0.0,0.0
2024-03-08 22:44:14.000000,257,0.0,0.0
2024-03-08 22:44:14.000000,454,0.0,0.0
2024-03-08 22:44:14.000000,443,0.0,0.0
2024-03-08 22:44:14.000000,266,0.0,0.0
2024-03-08 22:44:14.000000,257,0.0,0.0
2024-03-08 22:44:14.000000,257,0.0,0.0
2024-03-08 22:44:14.000000,448,0.0,0.0
2024-03-08 22:44:14.000000,353,0.0,0.0
2024-03-08 22:44:14.000000,257,0.0,0.0
2024-03-08 22:44:14.000000,456,0.0,0.0
2024-03-08 22:44:14.000000,447,1.0,0.0
2024-03-08 22:44:14.000000,257,0.0,0.0
2024-03-08 22:45:31.000000,192,0.0,0.0
2024-03-08 22:45:33.000000,193,0.0,0.0
2024-03-08 22:45:36.000000,287,1.0,0.0
2024-03-08 22:45:46.000000,203,0.0,0.0
2024-03-08 22:45:46.000000,143,0.0,0.0
2024-03-08 22:45:46.000000,204,1.0,0.0
2024-03-08 22:45:46.000000,143,0.0,0.0
2024-03-08 22:45:46.000000,197,0.0,0.0
2024-03-08 22:45:46.000000,205,1.0,0.0
2024-03-08 22:45:46.000000,144,0.0,0.0
2024-03-08 22:45:47.000000,198,0.0,0.0
2024-03-08 22:45:47.000000,145,0.0,0.0
2024-03-08 22:45:47.000000,143,0.0,0.0
2024-03-08 22:45:47.000000,143,0.0,0.0
2024-03-08 22:45:48.000000,198,0.0,0.0
2024-03-08 22:46:36.000000,192,0.0,0.0
2024-03-08 22:46:38.000000,193,0.0,0.0
2024-03-08 22:46:38.000000,287,1.0,0.0
2024-03-08 22:48:02.000000,431,0.0,0.0
2024-03-08 22:48:02.000000,432,0.0,0.0
2024-03-08 22:48:02.000000,434,0.0,0.0
2024-03-08 22:48:02.000000,445,0.0,0.0
2024-03-08 22:48:02.000000,189,0.0,0.0
2024-03-08 22:48:02.000000,195,0.0,0.0
2024-03-08 22:48:02.000000,433,0.0,0.0
2024-03-08 22:48:02.000000,435,0.0,0.0
2024-03-08 22:48:02.000000,435,0.0,0.0
2024-03-08 22:48:02.000000,436,0.0,0.0
2024-03-08 22:48:02.000000,212,0.0,0.0
2024-03-08 22:48:02.000000,256,1.0,0.0
2024-03-08 22:48:02.000000,438,0.0,0.0
2024-03-08 22:48:02.000000,439,0.0,0.0
2024-03-08 22:48:02.000000,440,0.0,0.0
2024-03-08 22:48:02.000000,442,0.0,0.0
2024-03-08 22:48:02.000000,435,0.0,0.0
2024-03-08 22:48:02.000000,245,0.0,0.0
2024-03-08 22:48:02.000000,444,0.0,0.0
2024-03-08 22:48:02.000000,437,0.0,0.0
2024-03-08 22:48:02.000000,443,0.0,0.0
2024-03-08 22:48:03.000000,273,0.0,0.0
2024-03-08 22:48:03.000000,272,0.0,0.0
2024-03-08 22:48:03.000000,257,0.0,0.0
2024-03-08 22:48:03.000000,196,0.0,0.0
2024-03-08 22:48:03.000000,274,0.0,0.0
2024-03-08 22:48:13.000000,257,0.0,0.0
2024-03-08 22:48:13.000000,353,0.0,0.0
2024-03-08 22:48:13.000000,353,0.0,0.0
2024-03-08 22:48:13.000000,353,0.0,0.0
2024-03-08 22:48:13.000000,266,0.0,0.0
2024-03-08 22:48:13.000000,352,0.0,0.0
2024-03-08 22:48:13.000000,446,0.0,0.0
2024-03-08 22:48:13.000000,257,0.0,0.0
2024-03-08 22:48:13.000000,447,1.0,0.0
2024-03-08 22:48:13.000000,458,1.0,0.0
2024-03-08 22:48:13.000000,457,1.0,0.0
2024-03-08 22:48:13.000000,257,0.0,0.0
2024-03-08 22:48:13.000000,257,0.0,0.0
2024-03-08 22:48:13.000000,456,0.0,0.0
2024-03-08 22:48:13.000000,452,0.0,0.0
2024-03-08 22:48:13.000000,435,0.0,0.0
2024-03-08 22:48:13.000000,257,0.0,0.0
2024-03-08 22:48:13.000000,454,0.0,0.0
2024-03-08 22:48:13.000000,257,0.0,0.0
2024-03-08 22:48:13.000000,257,0.0,0.0
2024-03-08 22:48:13.000000,257,0.0,0.0
2024-03-08 22:48:13.000000,443,0.0,0.0
2024-03-08 22:48:13.000000,257,0.0,0.0
2024-03-08 22:48:13.000000,449,0.0,0.0
2024-03-08 22:48:13.000000,257,0.0,0.0
2024-03-08 22:48:13.000000,448,0.0,0.0
2024-03-08 22:48:13.000000,455,0.0,0.0
2024-03-08 22:48:13.000000,450,0.0,0.0
2024-03-08 22:48:13.000000,451,0.0,0.0
2024-03-08 22:49:19.000000,192,0.0,0.0
2024-03-08 22:49:21.000000,193,0.0,0.0
2024-03-08 22:49:21.000000,287,1.0,0.0
2024-03-08 22:50:08.000000,189,0.0,0.0
2024-03-08 22:50:08.000000,195,0.0,0.0
2024-03-08 22:50:08.000000,445,0.0,0.0
2024-03-08 22:50:08.000000,212,0.0,0.0
2024-03-08 22:50:08.000000,438,0.0,0.0
2024-03-08 22:50:08.000000,437,0.0,0.0
2024-03-08 22:50:08.000000,442,0.0,0.0
2024-03-08 22:50:08.000000,444,0.0,0.0
2024-03-08 22:50:08.000000,435,0.0,0.0
2024-03-08 22:50:08.000000,256,1.0,0.0
2024-03-08 22:50:08.000000,439,0.0,0.0
2024-03-08 22:50:08.000000,436,0.0,0.0
2024-03-08 22:50:08.000000,435,0.0,0.0
2024-03-08 22:50:08.000000,434,0.0,0.0
2024-03-08 22:50:08.000000,433,0.0,0.0
2024-03-08 22:50:08.000000,432,0.0,0.0
2024-03-08 22:50:08.000000,245,0.0,0.0
2024-03-08 22:50:08.000000,443,0.0,0.0
2024-03-08 22:50:08.000000,431,0.0,0.0
2024-03-08 22:50:08.000000,435,0.0,0.0
2024-03-08 22:50:08.000000,440,0.0,0.0
2024-03-08 22:50:09.000000,272,0.0,0.0
2024-03-08 22:50:09.000000,196,0.0,0.0
2024-03-08 22:50:09.000000,274,0.0,0.0
2024-03-08 22:50:09.000000,257,0.0,0.0
2024-03-08 22:50:09.000000,273,0.0,0.0
2024-03-08 22:50:19.000000,446,0.0,0.0
2024-03-08 22:50:19.000000,458,1.0,0.0
2024-03-08 22:50:19.000000,257,0.0,0.0
2024-03-08 22:50:19.000000,257,0.0,0.0
2024-03-08 22:50:19.000000,457,1.0,0.0
2024-03-08 22:50:19.000000,452,0.0,0.0
2024-03-08 22:50:19.000000,451,0.0,0.0
2024-03-08 22:50:19.000000,257,0.0,0.0
2024-03-08 22:50:19.000000,450,0.0,0.0
2024-03-08 22:50:19.000000,257,0.0,0.0
2024-03-08 22:50:19.000000,449,0.0,0.0
2024-03-08 22:50:19.000000,257,0.0,0.0
2024-03-08 22:50:19.000000,448,0.0,0.0
2024-03-08 22:50:19.000000,257,0.0,0.0
2024-03-08 22:50:19.000000,447,1.0,0.0
2024-03-08 22:50:19.000000,257,0.0,0.0
2024-03-08 22:50:19.000000,353,0.0,0.0
2024-03-08 22:50:19.000000,353,0.0,0.0
2024-03-08 22:50:19.000000,353,0.0,0.0
2024-03-08 22:50:19.000000,266,0.0,0.0
2024-03-08 22:50:19.000000,352,0.0,0.0
2024-03-08 22:50:19.000000,257,0.0,0.0
2024-03-08 22:50:19.000000,454,0.0,0.0
2024-03-08 22:50:19.000000,435,0.0,0.0
2024-03-08 22:50:19.000000,257,0.0,0.0
2024-03-08 22:50:19.000000,455,0.0,0.0
2024-03-08 22:50:19.000000,456,0.0,0.0
2024-03-08 22:50:19.000000,257,0.0,0.0
2024-03-08 22:50:19.000000,443,0.0,0.0
2024-03-08 22:51:20.000000,257,0.0,0.0
2024-03-08 22:51:20.000000,212,0.0,0.0
2024-03-08 22:51:20.000000,445,0.0,0.0
2024-03-08 22:51:20.000000,444,0.0,0.0
2024-03-08 22:51:20.000000,443,0.0,0.0
2024-03-08 22:51:20.000000,431,0.0,0.0
2024-03-08 22:51:20.000000,432,0.0,0.0
2024-03-08 22:51:20.000000,433,0.0,0.0
2024-03-08 22:51:20.000000,435,0.0,0.0
2024-03-08 22:51:20.000000,436,0.0,0.0
2024-03-08 22:51:20.000000,437,0.0,0.0
2024-03-08 22:51:20.000000,438,0.0,0.0
2024-03-08 22:51:20.000000,439,0.0,0.0
2024-03-08 22:51:20.000000,440,0.0,0.0
2024-03-08 22:51:20.000000,442,0.0,0.0
2024-03-08 22:51:20.000000,435,0.0,0.0
2024-03-08 22:51:20.000000,245,0.0,0.0
2024-03-08 22:51:20.000000,435,0.0,0.0
2024-03-08 22:51:20.000000,256,1.0,0.0
2024-03-08 22:51:20.000000,434,0.0,0.0
2024-03-08 22:51:20.000000,272,0.0,0.0
2024-03-08 22:51:20.000000,274,0.0,0.0
2024-03-08 22:51:20.000000,196,0.0,0.0
2024-03-08 22:51:20.000000,195,0.0,0.0
2024-03-08 22:51:20.000000,273,0.0,0.0
2024-03-08 22:51:20.000000,189,0.0,0.0
2024-03-08 22:51:30.000000,443,0.0,0.0
2024-03-08 22:51:30.000000,257,0.0,0.0
2024-03-08 22:51:30.000000,257,0.0,0.0
2024-03-08 22:51:30.000000,457,1.0,0.0
2024-03-08 22:51:30.000000,455,0.0,0.0
2024-03-08 22:51:30.000000,257,0.0,0.0
2024-03-08 22:51:30.000000,456,0.0,0.0
2024-03-08 22:51:30.000000,257,0.0,0.0
2024-03-08 22:51:30.000000,458,1.0,0.0
2024-03-08 22:51:30.000000,435,0.0,0.0
2024-03-08 22:51:30.000000,454,0.0,0.0
2024-03-08 22:51:30.000000,257,0.0,0.0
2024-03-08 22:51:30.000000,446,0.0,0.0
2024-03-08 22:51:30.000000,352,0.0,0.0
2024-03-08 22:51:30.000000,266,0.0,0.0
2024-03-08 22:51:30.000000,353,0.0,0.0
2024-03-08 22:51:30.000000,353,0.0,0.0
2024-03-08 22:51:30.000000,353,0.0,0.0
2024-03-08 22:51:30.000000,452,0.0,0.0
2024-03-08 22:51:30.000000,447,1.0,0.0
2024-03-08 22:51:30.000000,257,0.0,0.0
2024-03-08 22:51:30.000000,448,0.0,0.0
2024-03-08 22:51:30.000000,257,0.0,0.0
2024-03-08 22:51:30.000000,449,0.0,0.0
2024-03-08 22:51:30.000000,257,0.0,0.0
2024-03-08 22:51:30.000000,450,0.0,0.0
2024-03-08 22:51:30.000000,257,0.0,0.0
2024-03-08 22:51:30.000000,451,0.0,0.0
2024-03-08 22:51:30.000000,257,0.0,0.0
2024-03-08 22:52:01.000000,189,0.0,0.0
2024-03-08 22:52:01.000000,195,0.0,0.0
2024-03-08 22:52:01.000000,445,0.0,0.0
2024-03-08 22:52:01.000000,212,0.0,0.0
2024-03-08 22:52:01.000000,444,0.0,0.0
2024-03-08 22:52:01.000000,256,1.0,0.0
2024-03-08 22:52:01.000000,245,0.0,0.0
2024-03-08 22:52:01.000000,435,0.0,0.0
2024-03-08 22:52:01.000000,442,0.0,0.0
2024-03-08 22:52:01.000000,431,0.0,0.0
2024-03-08 22:52:01.000000,432,0.0,0.0
2024-03-08 22:52:01.000000,440,0.0,0.0
2024-03-08 22:52:01.000000,439,0.0,0.0
2024-03-08 22:52:01.000000,433,0.0,0.0
2024-03-08 22:52:01.000000,438,0.0,0.0
2024-03-08 22:52:01.000000,437,0.0,0.0
2024-03-08 22:52:01.000000,434,0.0,0.0
2024-03-08 22:52:01.000000,436,0.0,0.0
2024-03-08 22:52:01.000000,443,0.0,0.0
2024-03-08 22:52:01.000000,435,0.0,0.0
2024-03-08 22:52:01.000000,435,0.0,0.0
2024-03-08 22:52:02.000000,273,0.0,0.0
2024-03-08 22:52:02.000000,196,0.0,0.0
2024-03-08 22:52:02.000000,274,0.0,0.0
2024-03-08 22:52:02.000000,257,0.0,0.0
2024-03-08 22:52:02.000000,272,0.0,0.0
2024-03-08 22:52:12.000000,257,0.0,0.0
2024-03-08 22:52:12.000000,458,1.0,0.0
2024-03-08 22:52:12.000000,457,1.0,0.0
2024-03-08 22:52:12.000000,257,0.0,0.0
2024-03-08 22:52:12.000000,456,0.0,0.0
2024-03-08 22:52:12.000000,353,0.0,0.0
2024-03-08 22:52:12.000000,257,0.0,0.0
2024-03-08 22:52:12.000000,446,0.0,0.0
2024-03-08 22:52:12.000000,352,0.0,0.0
2024-03-08 22:52:12.000000,266,0.0,0.0
2024-03-08 22:52:12.000000,353,0.0,0.0
2024-03-08 22:52:12.000000,353,0.0,0.0
2024-03-08 22:52:12.000000,257,0.0,0.0
2024-03-08 22:52:12.000000,447,1.0,0.0
2024-03-08 22:52:12.000000,257,0.0,0.0
2024-03-08 22:52:12.000000,448,0.0,0.0
2024-03-08 22:52:12.000000,257,0.0,0.0
2024-03-08 22:52:12.000000,449,0.0,0.0
2024-03-08 22:52:12.000000,257,0.0,0.0
2024-03-08 22:52:12.000000,450,0.0,0.0
2024-03-08 22:52:12.000000,257,0.0,0.0
2024-03-08 22:52:12.000000,455,0.0,0.0
2024-03-08 22:52:12.000000,451,0.0,0.0
2024-03-08 22:52:12.000000,452,0.0,0.0
2024-03-08 22:52:12.000000,443,0.0,0.0
2024-03-08 22:52:12.000000,454,0.0,0.0
2024-03-08 22:52:12.000000,257,0.0,0.0
2024-03-08 22:52:12.000000,435,0.0,0.0
2024-03-08 22:52:12.000000,257,0.0,0.0
2024-03-08 22:53:12.000000,257,0.0,0.0
2024-03-08 22:53:12.000000,195,0.0,0.0
2024-03-08 22:53:12.000000,212,0.0,0.0
2024-03-08 22:53:12.000000,445,0.0,0.0
2024-03-08 22:53:12.000000,444,0.0,0.0
2024-03-08 22:53:12.000000,443,0.0,0.0
2024-03-08 22:53:12.000000,245,0.0,0.0
2024-03-08 22:53:12.000000,435,0.0,0.0
2024-03-08 22:53:12.000000,442,0.0,0.0
2024-03-08 22:53:12.000000,440,0.0,0.0
2024-03-08 22:53:12.000000,439,0.0,0.0
2024-03-08 22:53:12.000000,438,0.0,0.0
2024-03-08 22:53:12.000000,196,0.0,0.0
2024-03-08 22:53:12.000000,435,0.0,0.0
2024-03-08 22:53:12.000000,435,0.0,0.0
2024-03-08 22:53:12.000000,432,0.0,0.0
2024-03-08 22:53:12.000000,433,0.0,0.0
2024-03-08 22:53:12.000000,434,0.0,0.0
2024-03-08 22:53:12.000000,436,0.0,0.0
2024-03-08 22:53:12.000000,256,1.0,0.0
2024-03-08 22:53:12.000000,437,0.0,0.0
2024-03-08 22:53:12.000000,431,0.0,0.0
2024-03-08 22:53:12.000000,189,0.0,0.0
2024-03-08 22:53:12.000000,272,0.0,0.0
2024-03-08 22:53:12.000000,273,0.0,0.0
2024-03-08 22:53:12.000000,274,0.0,0.0
2024-03-08 22:53:22.000000,451,0.0,0.0
2024-03-08 22:53:22.000000,452,0.0,0.0
2024-03-08 22:53:22.000000,435,0.0,0.0
2024-03-08 22:53:22.000000,257,0.0,0.0
2024-03-08 22:53:22.000000,450,0.0,0.0
2024-03-08 22:53:22.000000,257,0.0,0.0
2024-03-08 22:53:22.000000,257,0.0,0.0
2024-03-08 22:53:22.000000,447,1.0,0.0
2024-03-08 22:53:22.000000,257,0.0,0.0
2024-03-08 22:53:22.000000,443,0.0,0.0
2024-03-08 22:53:22.000000,257,0.0,0.0
2024-03-08 22:53:22.000000,455,0.0,0.0
2024-03-08 22:53:22.000000,456,0.0,0.0
2024-03-08 22:53:22.000000,257,0.0,0.0
2024-03-08 22:53:22.000000,257,0.0,0.0
2024-03-08 22:53:22.000000,454,0.0,0.0
2024-03-08 22:53:22.000000,449,0.0,0.0
2024-03-08 22:53:22.000000,353,0.0,0.0
2024-03-08 22:53:22.000000,448,0.0,0.0
2024-03-08 22:53:22.000000,257,0.0,0.0
2024-03-08 22:53:22.000000,352,0.0,0.0
2024-03-08 22:53:22.000000,266,0.0,0.0
2024-03-08 22:53:22.000000,457,1.0,0.0
2024-03-08 22:53:22.000000,446,0.0,0.0
2024-03-08 22:53:22.000000,353,0.0,0.0
2024-03-08 22:53:22.000000,257,0.0,0.0
2024-03-08 22:53:22.000000,257,0.0,0.0
2024-03-08 22:53:22.000000,353,0.0,0.0
2024-03-08 22:53:22.000000,458,1.0,0.0
2024-03-08 22:54:09.000000,189,0.0,0.0
2024-03-08 22:54:10.000000,435,0.0,0.0
2024-03-08 22:54:10.000000,442,0.0,0.0
2024-03-08 22:54:10.000000,440,0.0,0.0
2024-03-08 22:54:10.000000,439,0.0,0.0
2024-03-08 22:54:10.000000,438,0.0,0.0
2024-03-08 22:54:10.000000,445,0.0,0.0
2024-03-08 22:54:10.000000,437,0.0,0.0
2024-03-08 22:54:10.000000,443,0.0,0.0
2024-03-08 22:54:10.000000,444,0.0,0.0
2024-03-08 22:54:10.000000,257,0.0,0.0
2024-03-08 22:54:10.000000,212,0.0,0.0
2024-03-08 22:54:10.000000,245,0.0,0.0
2024-03-08 22:54:10.000000,256,1.0,0.0
2024-03-08 22:54:10.000000,272,0.0,0.0
2024-03-08 22:54:10.000000,435,0.0,0.0
2024-03-08 22:54:10.000000,274,0.0,0.0
2024-03-08 22:54:10.000000,196,0.0,0.0
2024-03-08 22:54:10.000000,195,0.0,0.0
2024-03-08 22:54:10.000000,436,0.0,0.0
2024-03-08 22:54:10.000000,273,0.0,0.0
2024-03-08 22:54:10.000000,432,0.0,0.0
2024-03-08 22:54:10.000000,433,0.0,0.0
2024-03-08 22:54:10.000000,434,0.0,0.0
2024-03-08 22:54:10.000000,435,0.0,0.0
2024-03-08 22:54:10.000000,431,0.0,0.0
2024-03-08 22:54:20.000000,452,0.0,0.0
2024-03-08 22:54:20.000000,435,0.0,0.0
2024-03-08 22:54:20.000000,257,0.0,0.0
2024-03-08 22:54:20.000000,454,0.0,0.0
2024-03-08 22:54:20.000000,257,0.0,0.0
2024-03-08 22:54:20.000000,257,0.0,0.0
2024-03-08 22:54:20.000000,455,0.0,0.0
2024-03-08 22:54:20.000000,456,0.0,0.0
2024-03-08 22:54:20.000000,257,0.0,0.0
2024-03-08 22:54:20.000000,257,0.0,0.0
2024-03-08 22:54:20.000000,443,0.0,0.0
2024-03-08 22:54:20.000000,451,0.0,0.0
2024-03-08 22:54:20.000000,257,0.0,0.0
2024-03-08 22:54:20.000000,450,0.0,0.0
2024-03-08 22:54:20.000000,257,0.0,0.0
2024-03-08 22:54:20.000000,449,0.0,0.0
2024-03-08 22:54:20.000000,257,0.0,0.0
2024-03-08 22:54:20.000000,448,0.0,0.0
2024-03-08 22:54:20.000000,447,1.0,0.0
2024-03-08 22:54:20.000000,257,0.0,0.0
2024-03-08 22:54:20.000000,353,0.0,0.0
2024-03-08 22:54:20.000000,353,0.0,0.0
2024-03-08 22:54:20.000000,353,0.0,0.0
2024-03-08 22:54:20.000000,266,0.0,0.0
2024-03-08 22:54:20.000000,352,0.0,0.0
2024-03-08 22:54:20.000000,446,0.0,0.0
2024-03-08 22:54:20.000000,257,0.0,0.0
2024-03-08 22:54:20.000000,458,1.0,0.0
2024-03-08 22:54:20.000000,457,1.0,0.0
2024-03-08 22:54:45.000000,435,0.0,0.0
2024-03-08 22:54:45.000000,195,0.0,0.0
2024-03-08 22:54:45.000000,189,0.0,0.0
2024-03-08 22:54:45.000000,436,0.0,0.0
2024-03-08 22:54:45.000000,212,0.0,0.0
2024-03-08 22:54:45.000000,445,0.0,0.0
2024-03-08 22:54:45.000000,444,0.0,0.0
2024-03-08 22:54:45.000000,443,0.0,0.0
2024-03-08 22:54:45.000000,245,0.0,0.0
2024-03-08 22:54:45.000000,435,0.0,0.0
2024-03-08 22:54:45.000000,439,0.0,0.0
2024-03-08 22:54:45.000000,440,0.0,0.0
2024-03-08 22:54:45.000000,435,0.0,0.0
2024-03-08 22:54:45.000000,434,0.0,0.0
2024-03-08 22:54:45.000000,442,0.0,0.0
2024-03-08 22:54:45.000000,432,0.0,0.0
2024-03-08 22:54:45.000000,433,0.0,0.0
2024-03-08 22:54:45.000000,256,1.0,0.0
2024-03-08 22:54:45.000000,431,0.0,0.0
2024-03-08 22:54:45.000000,438,0.0,0.0
2024-03-08 22:54:45.000000,437,0.0,0.0
2024-03-08 22:54:46.000000,257,0.0,0.0
2024-03-08 22:54:46.000000,274,0.0,0.0
2024-03-08 22:54:46.000000,196,0.0,0.0
2024-03-08 22:54:46.000000,272,0.0,0.0
2024-03-08 22:54:46.000000,273,0.0,0.0
2024-03-08 22:54:56.000000,458,1.0,0.0
2024-03-08 22:54:56.000000,457,1.0,0.0
2024-03-08 22:54:56.000000,257,0.0,0.0
2024-03-08 22:54:56.000000,257,0.0,0.0
2024-03-08 22:54:56.000000,456,0.0,0.0
2024-03-08 22:54:56.000000,455,0.0,0.0
2024-03-08 22:54:56.000000,257,0.0,0.0
2024-03-08 22:54:56.000000,443,0.0,0.0
2024-03-08 22:54:56.000000,257,0.0,0.0
2024-03-08 22:54:56.000000,454,0.0,0.0
2024-03-08 22:54:56.000000,257,0.0,0.0
2024-03-08 22:54:56.000000,353,0.0,0.0
2024-03-08 22:54:56.000000,353,0.0,0.0
2024-03-08 22:54:56.000000,353,0.0,0.0
2024-03-08 22:54:56.000000,257,0.0,0.0
2024-03-08 22:54:56.000000,447,1.0,0.0
2024-03-08 22:54:56.000000,435,0.0,0.0
2024-03-08 22:54:56.000000,448,0.0,0.0
2024-03-08 22:54:56.000000,266,0.0,0.0
2024-03-08 22:54:56.000000,352,0.0,0.0
2024-03-08 22:54:56.000000,257,0.0,0.0
2024-03-08 22:54:56.000000,449,0.0,0.0
2024-03-08 22:54:56.000000,257,0.0,0.0
2024-03-08 22:54:56.000000,450,0.0,0.0
2024-03-08 22:54:56.000000,257,0.0,0.0
2024-03-08 22:54:56.000000,451,0.0,0.0
2024-03-08 22:54:56.000000,257,0.0,0.0
2024-03-08 22:54:56.000000,452,0.0,0.0
2024-03-08 22:54:56.000000,446,0.0,0.0
2024-03-08 22:56:01.000000,273,0.0,0.0
2024-03-08 22:56:01.000000,272,0.0,0.0
2024-03-08 22:56:01.000000,257,0.0,0.0
2024-03-08 22:56:01.000000,189,0.0,0.0
2024-03-08 22:56:01.000000,195,0.0,0.0
2024-03-08 22:56:01.000000,196,0.0,0.0
2024-03-08 22:56:01.000000,274,0.0,0.0
2024-03-08 22:56:01.000000,212,0.0,0.0
2024-03-08 22:56:01.000000,444,0.0,0.0
2024-03-08 22:56:01.000000,443,0.0,0.0
2024-03-08 22:56:01.000000,431,0.0,0.0
2024-03-08 22:56:01.000000,432,0.0,0.0
2024-03-08 22:56:01.000000,433,0.0,0.0
2024-03-08 22:56:01.000000,434,0.0,0.0
2024-03-08 22:56:01.000000,245,0.0,0.0
2024-03-08 22:56:01.000000,435,0.0,0.0
2024-03-08 22:56:01.000000,442,0.0,0.0
2024-03-08 22:56:01.000000,440,0.0,0.0
2024-03-08 22:56:01.000000,439,0.0,0.0
2024-03-08 22:56:01.000000,438,0.0,0.0
2024-03-08 22:56:01.000000,437,0.0,0.0
2024-03-08 22:56:01.000000,256,1.0,0.0
2024-03-08 22:56:01.000000,436,0.0,0.0
2024-03-08 22:56:01.000000,435,0.0,0.0
2024-03-08 22:56:01.000000,445,0.0,0.0
2024-03-08 22:56:01.000000,435,0.0,0.0
2024-03-08 22:56:11.000000,435,0.0,0.0
2024-03-08 22:56:11.000000,458,1.0,0.0
2024-03-08 22:56:11.000000,446,0.0,0.0
2024-03-08 22:56:11.000000,352,0.0,0.0
2024-03-08 22:56:11.000000,266,0.0,0.0
2024-03-08 22:56:11.000000,353,0.0,0.0
2024-03-08 22:56:11.000000,353,0.0,0.0
2024-03-08 22:56:11.000000,353,0.0,0.0
2024-03-08 22:56:11.000000,257,0.0,0.0
2024-03-08 22:56:11.000000,447,1.0,0.0
2024-03-08 22:56:11.000000,257,0.0,0.0
2024-03-08 22:56:11.000000,448,0.0,0.0
2024-03-08 22:56:11.000000,257,0.0,0.0
2024-03-08 22:56:11.000000,449,0.0,0.0
2024-03-08 22:56:11.000000,257,0.0,0.0
2024-03-08 22:56:11.000000,452,0.0,0.0
2024-03-08 22:56:11.000000,450,0.0,0.0
2024-03-08 22:56:11.000000,257,0.0,0.0
2024-03-08 22:56:11.000000,451,0.0,0.0
2024-03-08 22:56:11.000000,457,1.0,0.0
2024-03-08 22:56:11.000000,257,0.0,0.0
2024-03-08 22:56:11.000000,257,0.0,0.0
2024-03-08 22:56:11.000000,257,0.0,0.0
2024-03-08 22:56:11.000000,455,0.0,0.0
2024-03-08 22:56:11.000000,257,0.0,0.0
2024-03-08 22:56:11.000000,443,0.0,0.0
2024-03-08 22:56:11.000000,454,0.0,0.0
2024-03-08 22:56:11.000000,257,0.0,0.0
2024-03-08 22:56:11.000000,456,0.0,0.0
2024-03-08 22:57:12.000000,256,1.0,0.0
2024-03-08 22:57:12.000000,436,0.0,0.0
2024-03-08 22:57:12.000000,435,0.0,0.0
2024-03-08 22:57:12.000000,437,0.0,0.0
2024-03-08 22:57:12.000000,444,0.0,0.0
2024-03-08 22:57:12.000000,439,0.0,0.0
2024-03-08 22:57:12.000000,440,0.0,0.0
2024-03-08 22:57:12.000000,442,0.0,0.0
2024-03-08 22:57:12.000000,435,0.0,0.0
2024-03-08 22:57:12.000000,245,0.0,0.0
2024-03-08 22:57:12.000000,443,0.0,0.0
2024-03-08 22:57:12.000000,445,0.0,0.0
2024-03-08 22:57:12.000000,212,0.0,0.0
2024-03-08 22:57:12.000000,438,0.0,0.0
2024-03-08 22:57:12.000000,434,0.0,0.0
2024-03-08 22:57:12.000000,435,0.0,0.0
2024-03-08 22:57:12.000000,432,0.0,0.0
2024-03-08 22:57:12.000000,433,0.0,0.0
2024-03-08 22:57:12.000000,189,0.0,0.0
2024-03-08 22:57:12.000000,431,0.0,0.0
2024-03-08 22:57:12.000000,195,0.0,0.0
2024-03-08 22:57:13.000000,274,0.0,0.0
2024-03-08 22:57:13.000000,257,0.0,0.0
2024-03-08 22:57:13.000000,272,0.0,0.0
2024-03-08 22:57:13.000000,273,0.0,0.0
2024-03-08 22:57:13.000000,196,0.0,0.0
2024-03-08 22:57:23.000000,451,0.0,0.0
2024-03-08 22:57:23.000000,257,0.0,0.0
2024-03-08 22:57:23.000000,450,0.0,0.0
2024-03-08 22:57:23.000000,452,0.0,0.0
2024-03-08 22:57:23.000000,435,0.0,0.0
2024-03-08 22:57:23.000000,257,0.0,0.0
2024-03-08 22:57:23.000000,454,0.0,0.0
2024-03-08 22:57:23.000000,456,0.0,0.0
2024-03-08 22:57:23.000000,257,0.0,0.0
2024-03-08 22:57:23.000000,455,0.0,0.0
2024-03-08 22:57:23.000000,257,0.0,0.0
2024-03-08 22:57:23.000000,257,0.0,0.0
2024-03-08 22:57:23.000000,257,0.0,0.0
2024-03-08 22:57:23.000000,457,1.0,0.0
2024-03-08 22:57:23.000000,458,1.0,0.0
2024-03-08 22:57:23.000000,443,0.0,0.0
2024-03-08 22:57:23.000000,449,0.0,0.0
2024-03-08 22:57:23.000000,257,0.0,0.0
2024-03-08 22:57:23.000000,448,0.0,0.0
2024-03-08 22:57:23.000000,257,0.0,0.0
2024-03-08 22:57:23.000000,447,1.0,0.0
2024-03-08 22:57:23.000000,257,0.0,0.0
2024-03-08 22:57:23.000000,353,0.0,0.0
2024-03-08 22:57:23.000000,353,0.0,0.0
2024-03-08 22:57:23.000000,353,0.0,0.0
2024-03-08 22:57:23.000000,266,0.0,0.0
2024-03-08 22:57:23.000000,352,0.0,0.0
2024-03-08 22:57:23.000000,446,0.0,0.0
2024-03-08 22:57:23.000000,257,0.0,0.0
2024-03-08 22:57:55.000000,438,0.0,0.0
2024-03-08 22:57:55.000000,439,0.0,0.0
2024-03-08 22:57:55.000000,440,0.0,0.0
2024-03-08 22:57:55.000000,442,0.0,0.0
2024-03-08 22:57:55.000000,435,0.0,0.0
2024-03-08 22:57:55.000000,212,0.0,0.0
2024-03-08 22:57:55.000000,443,0.0,0.0
2024-03-08 22:57:55.000000,444,0.0,0.0
2024-03-08 22:57:55.000000,445,0.0,0.0
2024-03-08 22:57:55.000000,437,0.0,0.0
2024-03-08 22:57:55.000000,257,0.0,0.0
2024-03-08 22:57:55.000000,245,0.0,0.0
2024-03-08 22:57:55.000000,256,1.0,0.0
2024-03-08 22:57:55.000000,433,0.0,0.0
2024-03-08 22:57:55.000000,435,0.0,0.0
2024-03-08 22:57:55.000000,435,0.0,0.0
2024-03-08 22:57:55.000000,434,0.0,0.0
2024-03-08 22:57:55.000000,432,0.0,0.0
2024-03-08 22:57:55.000000,431,0.0,0.0
2024-03-08 22:57:55.000000,274,0.0,0.0
2024-03-08 22:57:55.000000,196,0.0,0.0
2024-03-08 22:57:55.000000,195,0.0,0.0
2024-03-08 22:57:55.000000,272,0.0,0.0
2024-03-08 22:57:55.000000,273,0.0,0.0
2024-03-08 22:57:55.000000,436,0.0,0.0
2024-03-08 22:57:55.000000,189,0.0,0.0
2024-03-08 22:58:05.000000,257,0.0,0.0
2024-03-08 22:58:05.000000,446,0.0,0.0
2024-03-08 22:58:05.000000,443,0.0,0.0
2024-03-08 22:58:05.000000,454,0.0,0.0
2024-03-08 22:58:05.000000,257,0.0,0.0
2024-03-08 22:58:05.000000,435,0.0,0.0
2024-03-08 22:58:05.000000,452,0.0,0.0
2024-03-08 22:58:05.000000,257,0.0,0.0
2024-03-08 22:58:05.000000,451,0.0,0.0
2024-03-08 22:58:05.000000,257,0.0,0.0
2024-03-08 22:58:05.000000,450,0.0,0.0
2024-03-08 22:58:05.000000,257,0.0,0.0
2024-03-08 22:58:05.000000,449,0.0,0.0
2024-03-08 22:58:05.000000,257,0.0,0.0
2024-03-08 22:58:05.000000,448,0.0,0.0
2024-03-08 22:58:05.000000,257,0.0,0.0
2024-03-08 22:58:05.000000,447,1.0,0.0
2024-03-08 22:58:05.000000,257,0.0,0.0
2024-03-08 22:58:05.000000,353,0.0,0.0
2024-03-08 22:58:05.000000,353,0.0,0.0
2024-03-08 22:58:05.000000,353,0.0,0.0
2024-03-08 22:58:05.000000,266,0.0,0.0
2024-03-08 22:58:05.000000,352,0.0,0.0
2024-03-08 22:58:05.000000,456,0.0,0.0
2024-03-08 22:58:05.000000,257,0.0,0.0
2024-03-08 22:58:05.000000,455,0.0,0.0
2024-03-08 22:58:05.000000,457,1.0,0.0
2024-03-08 22:58:05.000000,458,1.0,0.0
2024-03-08 22:58:05.000000,257,0.0,0.0
2024-03-08 22:59:13.000000,189,0.0,0.0
2024-03-08 22:59:13.000000,431,0.0,0.0
2024-03-08 22:59:13.000000,432,0.0,0.0
2024-03-08 22:59:13.000000,433,0.0,0.0
2024-03-08 22:59:13.000000,434,0.0,0.0
2024-03-08 22:59:13.000000,195,0.0,0.0
2024-03-08 22:59:14.000000,212,0.0,0.0
2024-03-08 22:59:14.000000,257,0.0,0.0
2024-03-08 22:59:14.000000,196,0.0,0.0
2024-03-08 22:59:14.000000,273,0.0,0.0
2024-03-08 22:59:14.000000,272,0.0,0.0
2024-03-08 22:59:14.000000,445,0.0,0.0
2024-03-08 22:59:14.000000,274,0.0,0.0
2024-03-08 22:59:14.000000,443,0.0,0.0
2024-03-08 22:59:14.000000,444,0.0,0.0
2024-03-08 22:59:14.000000,435,0.0,0.0
2024-03-08 22:59:14.000000,442,0.0,0.0
2024-03-08 22:59:14.000000,440,0.0,0.0
2024-03-08 22:59:14.000000,439,0.0,0.0
2024-03-08 22:59:14.000000,438,0.0,0.0
2024-03-08 22:59:14.000000,437,0.0,0.0
2024-03-08 22:59:14.000000,256,1.0,0.0
2024-03-08 22:59:14.000000,436,0.0,0.0
2024-03-08 22:59:14.000000,435,0.0,0.0
2024-03-08 22:59:14.000000,245,0.0,0.0
2024-03-08 22:59:14.000000,435,0.0,0.0
2024-03-08 22:59:24.000000,257,0.0,0.0
2024-03-08 22:59:24.000000,454,0.0,0.0
2024-03-08 22:59:24.000000,443,0.0,0.0
2024-03-08 22:59:24.000000,257,0.0,0.0
2024-03-08 22:59:24.000000,458,1.0,0.0
2024-03-08 22:59:24.000000,456,0.0,0.0
2024-03-08 22:59:24.000000,257,0.0,0.0
2024-03-08 22:59:24.000000,257,0.0,0.0
2024-03-08 22:59:24.000000,457,1.0,0.0
2024-03-08 22:59:24.000000,455,0.0,0.0
2024-03-08 22:59:24.000000,435,0.0,0.0
2024-03-08 22:59:24.000000,257,0.0,0.0
2024-03-08 22:59:24.000000,257,0.0,0.0
2024-03-08 22:59:24.000000,266,0.0,0.0
2024-03-08 22:59:24.000000,353,0.0,0.0
2024-03-08 22:59:24.000000,353,0.0,0.0
2024-03-08 22:59:24.000000,353,0.0,0.0
2024-03-08 22:59:24.000000,452,0.0,0.0
2024-03-08 22:59:24.000000,352,0.0,0.0
2024-03-08 22:59:24.000000,257,0.0,0.0
2024-03-08 22:59:24.000000,446,0.0,0.0
2024-03-08 22:59:24.000000,257,0.0,0.0
2024-03-08 22:59:24.000000,448,0.0,0.0
2024-03-08 22:59:24.000000,257,0.0,0.0
2024-03-08 22:59:24.000000,449,0.0,0.0
2024-03-08 22:59:24.000000,450,0.0,0.0
2024-03-08 22:59:24.000000,257,0.0,0.0
2024-03-08 22:59:24.000000,451,0.0,0.0
2024-03-08 22:59:24.000000,447,1.0,0.0
2024-03-08 23:00:33.000000,435,0.0,0.0
2024-03-08 23:00:33.000000,436,0.0,0.0
2024-03-08 23:00:33.000000,256,1.0,0.0
2024-03-08 23:00:33.000000,438,0.0,0.0
2024-03-08 23:00:33.000000,439,0.0,0.0
2024-03-08 23:00:33.000000,435,0.0,0.0
2024-03-08 23:00:33.000000,442,0.0,0.0
2024-03-08 23:00:33.000000,245,0.0,0.0
2024-03-08 23:00:33.000000,443,0.0,0.0
2024-03-08 23:00:33.000000,444,0.0,0.0
2024-03-08 23:00:33.000000,445,0.0,0.0
2024-03-08 23:00:33.000000,212,0.0,0.0
2024-03-08 23:00:33.000000,440,0.0,0.0
2024-03-08 23:00:33.000000,437,0.0,0.0
2024-03-08 23:00:33.000000,189,0.0,0.0
2024-03-08 23:00:33.000000,195,0.0,0.0
2024-03-08 23:00:33.000000,431,0.0,0.0
2024-03-08 23:00:33.000000,432,0.0,0.0
2024-03-08 23:00:33.000000,433,0.0,0.0
2024-03-08 23:00:33.000000,434,0.0,0.0
2024-03-08 23:00:33.000000,435,0.0,0.0
2024-03-08 23:00:34.000000,196,0.0,0.0
2024-03-08 23:00:34.000000,257,0.0,0.0
2024-03-08 23:00:34.000000,273,0.0,0.0
2024-03-08 23:00:34.000000,272,0.0,0.0
2024-03-08 23:00:34.000000,274,0.0,0.0
2024-03-08 23:00:44.000000,458,1.0,0.0
2024-03-08 23:00:44.000000,451,0.0,0.0
2024-03-08 23:00:44.000000,257,0.0,0.0
2024-03-08 23:00:44.000000,452,0.0,0.0
2024-03-08 23:00:44.000000,435,0.0,0.0
2024-03-08 23:00:44.000000,257,0.0,0.0
2024-03-08 23:00:44.000000,454,0.0,0.0
2024-03-08 23:00:44.000000,257,0.0,0.0
2024-03-08 23:00:44.000000,457,1.0,0.0
2024-03-08 23:00:44.000000,455,0.0,0.0
2024-03-08 23:00:44.000000,456,0.0,0.0
2024-03-08 23:00:44.000000,257,0.0,0.0
2024-03-08 23:00:44.000000,257,0.0,0.0
2024-03-08 23:00:44.000000,443,0.0,0.0
2024-03-08 23:00:44.000000,257,0.0,0.0
2024-03-08 23:00:44.000000,257,0.0,0.0
2024-03-08 23:00:44.000000,449,0.0,0.0
2024-03-08 23:00:44.000000,450,0.0,0.0
2024-03-08 23:00:44.000000,446,0.0,0.0
2024-03-08 23:00:44.000000,352,0.0,0.0
2024-03-08 23:00:44.000000,266,0.0,0.0
2024-03-08 23:00:44.000000,353,0.0,0.0
2024-03-08 23:00:44.000000,353,0.0,0.0
2024-03-08 23:00:44.000000,257,0.0,0.0
2024-03-08 23:00:44.000000,447,1.0,0.0
2024-03-08 23:00:44.000000,257,0.0,0.0
2024-03-08 23:00:44.000000,448,0.0,0.0
2024-03-08 23:00:44.000000,257,0.0,0.0
2024-03-08 23:00:44.000000,353,0.0,0.0
2024-03-08 23:01:51.000000,445,0.0,0.0
2024-03-08 23:01:51.000000,245,0.0,0.0
2024-03-08 23:01:51.000000,443,0.0,0.0
2024-03-08 23:01:51.000000,444,0.0,0.0
2024-03-08 23:01:51.000000,272,0.0,0.0
2024-03-08 23:01:51.000000,435,0.0,0.0
2024-03-08 23:01:51.000000,257,0.0,0.0
2024-03-08 23:01:51.000000,273,0.0,0.0
2024-03-08 23:01:51.000000,189,0.0,0.0
2024-03-08 23:01:51.000000,212,0.0,0.0
2024-03-08 23:01:51.000000,442,0.0,0.0
2024-03-08 23:01:51.000000,435,0.0,0.0
2024-03-08 23:01:51.000000,439,0.0,0.0
2024-03-08 23:01:51.000000,274,0.0,0.0
2024-03-08 23:01:51.000000,196,0.0,0.0
2024-03-08 23:01:51.000000,440,0.0,0.0
2024-03-08 23:01:51.000000,431,0.0,0.0
2024-03-08 23:01:51.000000,432,0.0,0.0
2024-03-08 23:01:51.000000,433,0.0,0.0
2024-03-08 23:01:51.000000,195,0.0,0.0
2024-03-08 23:01:51.000000,435,0.0,0.0
2024-03-08 23:01:51.000000,436,0.0,0.0
2024-03-08 23:01:51.000000,256,1.0,0.0
2024-03-08 23:01:51.000000,437,0.0,0.0
2024-03-08 23:01:51.000000,438,0.0,0.0
2024-03-08 23:01:51.000000,434,0.0,0.0
2024-03-08 23:02:01.000000,454,0.0,0.0
2024-03-08 23:02:01.000000,443,0.0,0.0
2024-03-08 23:02:01.000000,257,0.0,0.0
2024-03-08 23:02:01.000000,455,0.0,0.0
2024-03-08 23:02:01.000000,457,1.0,0.0
2024-03-08 23:02:01.000000,257,0.0,0.0
2024-03-08 23:02:01.000000,257,0.0,0.0
2024-03-08 23:02:01.000000,458,1.0,0.0
2024-03-08 23:02:01.000000,257,0.0,0.0
2024-03-08 23:02:01.000000,456,0.0,0.0
2024-03-08 23:02:01.000000,435,0.0,0.0
2024-03-08 23:02:01.000000,447,1.0,0.0
2024-03-08 23:02:01.000000,257,0.0,0.0
2024-03-08 23:02:01.000000,452,0.0,0.0
2024-03-08 23:02:01.000000,446,0.0,0.0
2024-03-08 23:02:01.000000,352,0.0,0.0
2024-03-08 23:02:01.000000,266,0.0,0.0
2024-03-08 23:02:01.000000,353,0.0,0.0
2024-03-08 23:02:01.000000,353,0.0,0.0
2024-03-08 23:02:01.000000,257,0.0,0.0
2024-03-08 23:02:01.000000,353,0.0,0.0
2024-03-08 23:02:01.000000,448,0.0,0.0
2024-03-08 23:02:01.000000,257,0.0,0.0
2024-03-08 23:02:01.000000,449,0.0,0.0
2024-03-08 23:02:01.000000,257,0.0,0.0
2024-03-08 23:02:01.000000,450,0.0,0.0
2024-03-08 23:02:01.000000,257,0.0,0.0
2024-03-08 23:02:01.000000,451,0.0,0.0
2024-03-08 23:02:01.000000,257,0.0,0.0
2024-03-08 23:03:01.000000,189,0.0,0.0
2024-03-08 23:03:01.000000,443,0.0,0.0
2024-03-08 23:03:01.000000,195,0.0,0.0
2024-03-08 23:03:01.000000,212,0.0,0.0
2024-03-08 23:03:01.000000,445,0.0,0.0
2024-03-08 23:03:01.000000,444,0.0,0.0
2024-03-08 23:03:01.000000,245,0.0,0.0
2024-03-08 23:03:01.000000,439,0.0,0.0
2024-03-08 23:03:01.000000,442,0.0,0.0
2024-03-08 23:03:01.000000,431,0.0,0.0
2024-03-08 23:03:01.000000,432,0.0,0.0
2024-03-08 23:03:01.000000,433,0.0,0.0
2024-03-08 23:03:01.000000,434,0.0,0.0
2024-03-08 23:03:01.000000,435,0.0,0.0
2024-03-08 23:03:01.000000,435,0.0,0.0
2024-03-08 23:03:01.000000,436,0.0,0.0
2024-03-08 23:03:01.000000,256,1.0,0.0
2024-03-08 23:03:01.000000,437,0.0,0.0
2024-03-08 23:03:01.000000,438,0.0,0.0
2024-03-08 23:03:01.000000,440,0.0,0.0
2024-03-08 23:03:01.000000,435,0.0,0.0
2024-03-08 23:03:02.000000,196,0.0,0.0
2024-03-08 23:03:02.000000,274,0.0,0.0
2024-03-08 23:03:02.000000,272,0.0,0.0
2024-03-08 23:03:02.000000,273,0.0,0.0
2024-03-08 23:03:02.000000,257,0.0,0.0
2024-03-08 23:03:12.000000,448,0.0,0.0
2024-03-08 23:03:12.000000,257,0.0,0.0
2024-03-08 23:03:12.000000,451,0.0,0.0
2024-03-08 23:03:12.000000,257,0.0,0.0
2024-03-08 23:03:12.000000,450,0.0,0.0
2024-03-08 23:03:12.000000,257,0.0,0.0
2024-03-08 23:03:12.000000,449,0.0,0.0
2024-03-08 23:03:12.000000,257,0.0,0.0
2024-03-08 23:03:12.000000,257,0.0,0.0
2024-03-08 23:03:12.000000,257,0.0,0.0
2024-03-08 23:03:12.000000,447,1.0,0.0
2024-03-08 23:03:12.000000,257,0.0,0.0
2024-03-08 23:03:12.000000,454,0.0,0.0
2024-03-08 23:03:12.000000,443,0.0,0.0
2024-03-08 23:03:12.000000,257,0.0,0.0
2024-03-08 23:03:12.000000,455,0.0,0.0
2024-03-08 23:03:12.000000,456,0.0,0.0
2024-03-08 23:03:12.000000,446,0.0,0.0
2024-03-08 23:03:12.000000,257,0.0,0.0
2024-03-08 23:03:12.000000,352,0.0,0.0
2024-03-08 23:03:12.000000,266,0.0,0.0
2024-03-08 23:03:12.000000,353,0.0,0.0
2024-03-08 23:03:12.000000,353,0.0,0.0
2024-03-08 23:03:12.000000,353,0.0,0.0
2024-03-08 23:03:12.000000,257,0.0,0.0
2024-03-08 23:03:12.000000,457,1.0,0.0
2024-03-08 23:03:12.000000,458,1.0,0.0
2024-03-08 23:03:12.000000,452,0.0,0.0
2024-03-08 23:03:12.000000,435,0.0,0.0
2024-03-08 23:04:28.000000,436,0.0,0.0
2024-03-08 23:04:28.000000,435,0.0,0.0
2024-03-08 23:04:28.000000,437,0.0,0.0
2024-03-08 23:04:28.000000,212,0.0,0.0
2024-03-08 23:04:28.000000,445,0.0,0.0
2024-03-08 23:04:28.000000,444,0.0,0.0
2024-03-08 23:04:28.000000,443,0.0,0.0
2024-03-08 23:04:28.000000,245,0.0,0.0
2024-03-08 23:04:28.000000,435,0.0,0.0
2024-03-08 23:04:28.000000,435,0.0,0.0
2024-03-08 23:04:28.000000,442,0.0,0.0
2024-03-08 23:04:28.000000,440,0.0,0.0
2024-03-08 23:04:28.000000,439,0.0,0.0
2024-03-08 23:04:28.000000,438,0.0,0.0
2024-03-08 23:04:28.000000,256,1.0,0.0
2024-03-08 23:04:28.000000,434,0.0,0.0
2024-03-08 23:04:28.000000,257,0.0,0.0
2024-03-08 23:04:28.000000,432,0.0,0.0
2024-03-08 23:04:28.000000,433,0.0,0.0
2024-03-08 23:04:28.000000,196,0.0,0.0
2024-03-08 23:04:28.000000,195,0.0,0.0
2024-03-08 23:04:28.000000,273,0.0,0.0
2024-03-08 23:04:28.000000,274,0.0,0.0
2024-03-08 23:04:28.000000,189,0.0,0.0
2024-03-08 23:04:28.000000,431,0.0,0.0
2024-03-08 23:04:28.000000,272,0.0,0.0
2024-03-08 23:04:38.000000,257,0.0,0.0
2024-03-08 23:04:38.000000,451,0.0,0.0
2024-03-08 23:04:38.000000,257,0.0,0.0
2024-03-08 23:04:38.000000,452,0.0,0.0
2024-03-08 23:04:38.000000,435,0.0,0.0
2024-03-08 23:04:38.000000,257,0.0,0.0
2024-03-08 23:04:38.000000,443,0.0,0.0
2024-03-08 23:04:38.000000,257,0.0,0.0
2024-03-08 23:04:38.000000,455,0.0,0.0
2024-03-08 23:04:38.000000,450,0.0,0.0
2024-03-08 23:04:38.000000,456,0.0,0.0
2024-03-08 23:04:38.000000,257,0.0,0.0
2024-03-08 23:04:38.000000,257,0.0,0.0
2024-03-08 23:04:38.000000,454,0.0,0.0
2024-03-08 23:04:38.000000,257,0.0,0.0
2024-03-08 23:04:38.000000,257,0.0,0.0
2024-03-08 23:04:38.000000,257,0.0,0.0
2024-03-08 23:04:38.000000,457,1.0,0.0
2024-03-08 23:04:38.000000,446,0.0,0.0
2024-03-08 23:04:38.000000,449,0.0,0.0
2024-03-08 23:04:38.000000,266,0.0,0.0
2024-03-08 23:04:38.000000,353,0.0,0.0
2024-03-08 23:04:38.000000,352,0.0,0.0
2024-03-08 23:04:38.000000,353,0.0,0.0
2024-03-08 23:04:38.000000,447,1.0,0.0
2024-03-08 23:04:38.000000,257,0.0,0.0
2024-03-08 23:04:38.000000,448,0.0,0.0
2024-03-08 23:04:38.000000,353,0.0,0.0
2024-03-08 23:04:38.000000,458,1.0,0.0
2024-03-08 23:05:53.000000,445,0.0,0.0
2024-03-08 23:05:53.000000,195,0.0,0.0
2024-03-08 23:05:53.000000,189,0.0,0.0
2024-03-08 23:05:53.000000,212,0.0,0.0
2024-03-08 23:05:53.000000,432,0.0,0.0
2024-03-08 23:05:53.000000,444,0.0,0.0
2024-03-08 23:05:53.000000,443,0.0,0.0
2024-03-08 23:05:53.000000,245,0.0,0.0
2024-03-08 23:05:53.000000,435,0.0,0.0
2024-03-08 23:05:53.000000,442,0.0,0.0
2024-03-08 23:05:53.000000,440,0.0,0.0
2024-03-08 23:05:53.000000,439,0.0,0.0
2024-03-08 23:05:53.000000,438,0.0,0.0
2024-03-08 23:05:53.000000,431,0.0,0.0
2024-03-08 23:05:53.000000,256,1.0,0.0
2024-03-08 23:05:53.000000,436,0.0,0.0
2024-03-08 23:05:53.000000,435,0.0,0.0
2024-03-08 23:05:53.000000,435,0.0,0.0
2024-03-08 23:05:53.000000,437,0.0,0.0
2024-03-08 23:05:53.000000,433,0.0,0.0
2024-03-08 23:05:53.000000,434,0.0,0.0
2024-03-08 23:05:54.000000,273,0.0,0.0
2024-03-08 23:05:54.000000,272,0.0,0.0
2024-03-08 23:05:54.000000,274,0.0,0.0
2024-03-08 23:05:54.000000,257,0.0,0.0
2024-03-08 23:05:54.000000,196,0.0,0.0
2024-03-08 23:06:04.000000,458,1.0,0.0
2024-03-08 23:06:04.000000,457,1.0,0.0
2024-03-08 23:06:04.000000,257,0.0,0.0
2024-03-08 23:06:04.000000,257,0.0,0.0
2024-03-08 23:06:04.000000,456,0.0,0.0
2024-03-08 23:06:04.000000,455,0.0,0.0
2024-03-08 23:06:04.000000,257,0.0,0.0
2024-03-08 23:06:04.000000,443,0.0,0.0
2024-03-08 23:06:04.000000,454,0.0,0.0
2024-03-08 23:06:04.000000,435,0.0,0.0
2024-03-08 23:06:04.000000,257,0.0,0.0
2024-03-08 23:06:04.000000,257,0.0,0.0
2024-03-08 23:06:04.000000,446,0.0,0.0
2024-03-08 23:06:04.000000,352,0.0,0.0
2024-03-08 23:06:04.000000,266,0.0,0.0
2024-03-08 23:06:04.000000,452,0.0,0.0
2024-03-08 23:06:04.000000,353,0.0,0.0
2024-03-08 23:06:04.000000,353,0.0,0.0
2024-03-08 23:06:04.000000,257,0.0,0.0
2024-03-08 23:06:04.000000,447,1.0,0.0
2024-03-08 23:06:04.000000,353,0.0,0.0
2024-03-08 23:06:04.000000,448,0.0,0.0
2024-03-08 23:06:04.000000,257,0.0,0.0
2024-03-08 23:06:04.000000,257,0.0,0.0
2024-03-08 23:06:04.000000,450,0.0,0.0
2024-03-08 23:06:04.000000,451,0.0,0.0
2024-03-08 23:06:04.000000,449,0.0,0.0
2024-03-08 23:06:04.000000,257,0.0,0.0
2024-03-08 23:06:04.000000,257,0.0,0.0
2024-03-08 23:06:42.000000,195,0.0,0.0
2024-03-08 23:06:42.000000,196,0.0,0.0
2024-03-08 23:06:42.000000,274,0.0,0.0
2024-03-08 23:06:42.000000,189,0.0,0.0
2024-03-08 23:06:42.000000,272,0.0,0.0
2024-03-08 23:06:42.000000,273,0.0,0.0
2024-03-08 23:06:42.000000,212,0.0,0.0
2024-03-08 23:06:42.000000,257,0.0,0.0
2024-03-08 23:06:42.000000,445,0.0,0.0
2024-03-08 23:06:42.000000,435,0.0,0.0
2024-03-08 23:06:42.000000,443,0.0,0.0
2024-03-08 23:06:42.000000,431,0.0,0.0
2024-03-08 23:06:42.000000,432,0.0,0.0
2024-03-08 23:06:42.000000,433,0.0,0.0
2024-03-08 23:06:42.000000,434,0.0,0.0
2024-03-08 23:06:42.000000,435,0.0,0.0
2024-03-08 23:06:42.000000,444,0.0,0.0
2024-03-08 23:06:42.000000,256,1.0,0.0
2024-03-08 23:06:42.000000,437,0.0,0.0
2024-03-08 23:06:42.000000,436,0.0,0.0
2024-03-08 23:06:42.000000,439,0.0,0.0
2024-03-08 23:06:42.000000,245,0.0,0.0
2024-03-08 23:06:42.000000,438,0.0,0.0
2024-03-08 23:06:42.000000,435,0.0,0.0
2024-03-08 23:06:42.000000,442,0.0,0.0
2024-03-08 23:06:42.000000,440,0.0,0.0
2024-03-08 23:06:53.000000,257,0.0,0.0
2024-03-08 23:06:53.000000,257,0.0,0.0
2024-03-08 23:06:53.000000,457,1.0,0.0
2024-03-08 23:06:53.000000,458,1.0,0.0
2024-03-08 23:06:53.000000,456,0.0,0.0
2024-03-08 23:06:53.000000,455,0.0,0.0
2024-03-08 23:06:53.000000,257,0.0,0.0
2024-03-08 23:06:53.000000,443,0.0,0.0
2024-03-08 23:06:53.000000,454,0.0,0.0
2024-03-08 23:06:53.000000,257,0.0,0.0
2024-03-08 23:06:53.000000,435,0.0,0.0
2024-03-08 23:06:53.000000,450,0.0,0.0
2024-03-08 23:06:53.000000,257,0.0,0.0
2024-03-08 23:06:53.000000,446,0.0,0.0
2024-03-08 23:06:53.000000,452,0.0,0.0
2024-03-08 23:06:53.000000,352,0.0,0.0
2024-03-08 23:06:53.000000,266,0.0,0.0
2024-03-08 23:06:53.000000,353,0.0,0.0
2024-03-08 23:06:53.000000,353,0.0,0.0
2024-03-08 23:06:53.000000,353,0.0,0.0
2024-03-08 23:06:53.000000,257,0.0,0.0
2024-03-08 23:06:53.000000,447,1.0,0.0
2024-03-08 23:06:53.000000,257,0.0,0.0
2024-03-08 23:06:53.000000,257,0.0,0.0
2024-03-08 23:06:53.000000,451,0.0,0.0
2024-03-08 23:06:53.000000,257,0.0,0.0
2024-03-08 23:06:53.000000,257,0.0,0.0
2024-03-08 23:06:53.000000,448,0.0,0.0
2024-03-08 23:06:53.000000,449,0.0,0.0
2024-03-08 23:08:08.000000,438,0.0,0.0
2024-03-08 23:08:08.000000,439,0.0,0.0
2024-03-08 23:08:08.000000,440,0.0,0.0
2024-03-08 23:08:08.000000,435,0.0,0.0
2024-03-08 23:08:08.000000,196,0.0,0.0
2024-03-08 23:08:08.000000,245,0.0,0.0
2024-03-08 23:08:08.000000,443,0.0,0.0
2024-03-08 23:08:08.000000,444,0.0,0.0
2024-03-08 23:08:08.000000,445,0.0,0.0
2024-03-08 23:08:08.000000,274,0.0,0.0
2024-03-08 23:08:08.000000,257,0.0,0.0
2024-03-08 23:08:08.000000,437,0.0,0.0
2024-03-08 23:08:08.000000,256,1.0,0.0
2024-03-08 23:08:08.000000,212,0.0,0.0
2024-03-08 23:08:08.000000,435,0.0,0.0
2024-03-08 23:08:08.000000,436,0.0,0.0
2024-03-08 23:08:08.000000,195,0.0,0.0
2024-03-08 23:08:08.000000,189,0.0,0.0
2024-03-08 23:08:08.000000,272,0.0,0.0
2024-03-08 23:08:08.000000,273,0.0,0.0
2024-03-08 23:08:08.000000,442,0.0,0.0
2024-03-08 23:08:08.000000,431,0.0,0.0
2024-03-08 23:08:08.000000,432,0.0,0.0
2024-03-08 23:08:08.000000,433,0.0,0.0
2024-03-08 23:08:08.000000,434,0.0,0.0
2024-03-08 23:08:08.000000,435,0.0,0.0
2024-03-08 23:08:18.000000,452,0.0,0.0
2024-03-08 23:08:18.000000,435,0.0,0.0
2024-03-08 23:08:18.000000,257,0.0,0.0
2024-03-08 23:08:18.000000,454,0.0,0.0
2024-03-08 23:08:18.000000,257,0.0,0.0
2024-03-08 23:08:18.000000,257,0.0,0.0
2024-03-08 23:08:18.000000,455,0.0,0.0
2024-03-08 23:08:18.000000,456,0.0,0.0
2024-03-08 23:08:18.000000,257,0.0,0.0
2024-03-08 23:08:18.000000,257,0.0,0.0
2024-03-08 23:08:18.000000,457,1.0,0.0
2024-03-08 23:08:18.000000,443,0.0,0.0
2024-03-08 23:08:18.000000,451,0.0,0.0
2024-03-08 23:08:18.000000,257,0.0,0.0
2024-03-08 23:08:18.000000,450,0.0,0.0
2024-03-08 23:08:18.000000,449,0.0,0.0
2024-03-08 23:08:18.000000,257,0.0,0.0
2024-03-08 23:08:18.000000,448,0.0,0.0
2024-03-08 23:08:18.000000,447,1.0,0.0
2024-03-08 23:08:18.000000,257,0.0,0.0
2024-03-08 23:08:18.000000,353,0.0,0.0
2024-03-08 23:08:18.000000,353,0.0,0.0
2024-03-08 23:08:18.000000,266,0.0,0.0
2024-03-08 23:08:18.000000,352,0.0,0.0
2024-03-08 23:08:18.000000,446,0.0,0.0
2024-03-08 23:08:18.000000,458,1.0,0.0
2024-03-08 23:08:18.000000,257,0.0,0.0
2024-03-08 23:08:18.000000,257,0.0,0.0
2024-03-08 23:08:18.000000,353,0.0,0.0
2024-03-08 23:09:23.000000,192,0.0,0.0
2024-03-08 23:09:25.000000,193,0.0,0.0
2024-03-08 23:09:25.000000,287,1.0,0.0
2024-03-08 23:10:00.000000,192,0.0,0.0
2024-03-08 23:10:03.000000,193,0.0,0.0
2024-03-08 23:10:05.000000,287,1.0,0.0
2024-03-08 23:10:58.000000,192,0.0,0.0
2024-03-08 23:11:00.000000,193,0.0,0.0
2024-03-08 23:11:00.000000,287,1.0,0.0
2024-03-08 23:12:29.000000,432,0.0,0.0
2024-03-08 23:12:29.000000,189,0.0,0.0
2024-03-08 23:12:29.000000,431,0.0,0.0
2024-03-08 23:12:29.000000,195,0.0,0.0
2024-03-08 23:12:29.000000,434,0.0,0.0
2024-03-08 23:12:29.000000,433,0.0,0.0
2024-03-08 23:12:30.000000,435,0.0,0.0
2024-03-08 23:12:30.000000,435,0.0,0.0
2024-03-08 23:12:30.000000,436,0.0,0.0
2024-03-08 23:12:30.000000,256,1.0,0.0
2024-03-08 23:12:30.000000,437,0.0,0.0
2024-03-08 23:12:30.000000,438,0.0,0.0
2024-03-08 23:12:30.000000,439,0.0,0.0
2024-03-08 23:12:30.000000,440,0.0,0.0
2024-03-08 23:12:30.000000,442,0.0,0.0
2024-03-08 23:12:30.000000,445,0.0,0.0
2024-03-08 23:12:30.000000,245,0.0,0.0
2024-03-08 23:12:30.000000,443,0.0,0.0
2024-03-08 23:12:30.000000,444,0.0,0.0
2024-03-08 23:12:30.000000,212,0.0,0.0
2024-03-08 23:12:30.000000,273,0.0,0.0
2024-03-08 23:12:30.000000,272,0.0,0.0
2024-03-08 23:12:30.000000,196,0.0,0.0
2024-03-08 23:12:30.000000,274,0.0,0.0
2024-03-08 23:12:30.000000,435,0.0,0.0
2024-03-08 23:12:30.000000,257,0.0,0.0
2024-03-08 23:12:40.000000,458,1.0,0.0
2024-03-08 23:12:40.000000,457,1.0,0.0
2024-03-08 23:12:40.000000,435,0.0,0.0
2024-03-08 23:12:40.000000,257,0.0,0.0
2024-03-08 23:12:40.000000,257,0.0,0.0
2024-03-08 23:12:40.000000,257,0.0,0.0
2024-03-08 23:12:40.000000,448,0.0,0.0
2024-03-08 23:12:40.000000,455,0.0,0.0
2024-03-08 23:12:40.000000,446,0.0,0.0
2024-03-08 23:12:40.000000,352,0.0,0.0
2024-03-08 23:12:40.000000,266,0.0,0.0
2024-03-08 23:12:40.000000,353,0.0,0.0
2024-03-08 23:12:40.000000,353,0.0,0.0
2024-03-08 23:12:40.000000,353,0.0,0.0
2024-03-08 23:12:40.000000,257,0.0,0.0
2024-03-08 23:12:40.000000,447,1.0,0.0
2024-03-08 23:12:40.000000,257,0.0,0.0
2024-03-08 23:12:40.000000,454,0.0,0.0
2024-03-08 23:12:40.000000,257,0.0,0.0
2024-03-08 23:12:40.000000,257,0.0,0.0
2024-03-08 23:12:40.000000,449,0.0,0.0
2024-03-08 23:12:40.000000,257,0.0,0.0
2024-03-08 23:12:40.000000,456,0.0,0.0
2024-03-08 23:12:40.000000,451,0.0,0.0
2024-03-08 23:12:40.000000,257,0.0,0.0
2024-03-08 23:12:40.000000,452,0.0,0.0
2024-03-08 23:12:40.000000,443,0.0,0.0
2024-03-08 23:12:40.000000,257,0.0,0.0
2024-03-08 23:12:40.000000,450,0.0,0.0
2024-03-08 23:13:40.000000,192,0.0,0.0
2024-03-08 23:13:42.000000,287,1.0,0.0
2024-03-08 23:13:42.000000,193,0.0,0.0
2024-03-08 23:15:01.000000,444,0.0,0.0
2024-03-08 23:15:01.000000,445,0.0,0.0
2024-03-08 23:15:01.000000,212,0.0,0.0
2024-03-08 23:15:01.000000,195,0.0,0.0
2024-03-08 23:15:01.000000,189,0.0,0.0
2024-03-08 23:15:01.000000,443,0.0,0.0
2024-03-08 23:15:01.000000,437,0.0,0.0
2024-03-08 23:15:01.000000,435,0.0,0.0
2024-03-08 23:15:01.000000,438,0.0,0.0
2024-03-08 23:15:01.000000,439,0.0,0.0
2024-03-08 23:15:01.000000,440,0.0,0.0
2024-03-08 23:15:01.000000,442,0.0,0.0
2024-03-08 23:15:01.000000,435,0.0,0.0
2024-03-08 23:15:01.000000,245,0.0,0.0
2024-03-08 23:15:01.000000,435,0.0,0.0
2024-03-08 23:15:01.000000,436,0.0,0.0
2024-03-08 23:15:01.000000,431,0.0,0.0
2024-03-08 23:15:01.000000,432,0.0,0.0
2024-03-08 23:15:01.000000,433,0.0,0.0
2024-03-08 23:15:01.000000,434,0.0,0.0
2024-03-08 23:15:01.000000,256,1.0,0.0
2024-03-08 23:15:02.000000,274,0.0,0.0
2024-03-08 23:15:02.000000,196,0.0,0.0
2024-03-08 23:15:02.000000,257,0.0,0.0
2024-03-08 23:15:02.000000,272,0.0,0.0
2024-03-08 23:15:02.000000,273,0.0,0.0
2024-03-08 23:15:12.000000,443,0.0,0.0
2024-03-08 23:15:12.000000,257,0.0,0.0
2024-03-08 23:15:12.000000,454,0.0,0.0
2024-03-08 23:15:12.000000,455,0.0,0.0
2024-03-08 23:15:12.000000,257,0.0,0.0
2024-03-08 23:15:12.000000,257,0.0,0.0
2024-03-08 23:15:12.000000,457,1.0,0.0
2024-03-08 23:15:12.000000,458,1.0,0.0
2024-03-08 23:15:12.000000,257,0.0,0.0
2024-03-08 23:15:12.000000,435,0.0,0.0
2024-03-08 23:15:12.000000,257,0.0,0.0
2024-03-08 23:15:12.000000,451,0.0,0.0
2024-03-08 23:15:12.000000,257,0.0,0.0
2024-03-08 23:15:12.000000,456,0.0,0.0
2024-03-08 23:15:12.000000,257,0.0,0.0
2024-03-08 23:15:12.000000,450,0.0,0.0
2024-03-08 23:15:12.000000,446,0.0,0.0
2024-03-08 23:15:12.000000,352,0.0,0.0
2024-03-08 23:15:12.000000,266,0.0,0.0
2024-03-08 23:15:12.000000,353,0.0,0.0
2024-03-08 23:15:12.000000,353,0.0,0.0
2024-03-08 23:15:12.000000,452,0.0,0.0
2024-03-08 23:15:12.000000,257,0.0,0.0
2024-03-08 23:15:12.000000,447,1.0,0.0
2024-03-08 23:15:12.000000,257,0.0,0.0
2024-03-08 23:15:12.000000,448,0.0,0.0
2024-03-08 23:15:12.000000,353,0.0,0.0
2024-03-08 23:15:12.000000,257,0.0,0.0
2024-03-08 23:15:12.000000,449,0.0,0.0
2024-03-08 23:16:08.000000,192,0.0,0.0
2024-03-08 23:16:10.000000,193,0.0,0.0
2024-03-08 23:16:10.000000,287,1.0,0.0
2024-03-08 23:16:44.000000,256,1.0,0.0
2024-03-08 23:16:44.000000,437,0.0,0.0
2024-03-08 23:16:44.000000,438,0.0,0.0
2024-03-08 23:16:44.000000,439,0.0,0.0
2024-03-08 23:16:44.000000,435,0.0,0.0
2024-03-08 23:16:44.000000,436,0.0,0.0
2024-03-08 23:16:44.000000,245,0.0,0.0
2024-03-08 23:16:44.000000,443,0.0,0.0
2024-03-08 23:16:44.000000,445,0.0,0.0
2024-03-08 23:16:44.000000,212,0.0,0.0
2024-03-08 23:16:44.000000,440,0.0,0.0
2024-03-08 23:16:44.000000,435,0.0,0.0
2024-03-08 23:16:44.000000,444,0.0,0.0
2024-03-08 23:16:44.000000,435,0.0,0.0
2024-03-08 23:16:44.000000,195,0.0,0.0
2024-03-08 23:16:44.000000,189,0.0,0.0
2024-03-08 23:16:44.000000,442,0.0,0.0
2024-03-08 23:16:44.000000,432,0.0,0.0
2024-03-08 23:16:44.000000,433,0.0,0.0
2024-03-08 23:16:44.000000,431,0.0,0.0
2024-03-08 23:16:44.000000,434,0.0,0.0
2024-03-08 23:16:45.000000,272,0.0,0.0
2024-03-08 23:16:45.000000,273,0.0,0.0
2024-03-08 23:16:45.000000,274,0.0,0.0
2024-03-08 23:16:45.000000,196,0.0,0.0
2024-03-08 23:16:45.000000,257,0.0,0.0
2024-03-08 23:16:55.000000,435,0.0,0.0
2024-03-08 23:16:55.000000,257,0.0,0.0
2024-03-08 23:16:55.000000,454,0.0,0.0
2024-03-08 23:16:55.000000,443,0.0,0.0
2024-03-08 23:16:55.000000,257,0.0,0.0
2024-03-08 23:16:55.000000,455,0.0,0.0
2024-03-08 23:16:55.000000,456,0.0,0.0
2024-03-08 23:16:55.000000,452,0.0,0.0
2024-03-08 23:16:55.000000,257,0.0,0.0
2024-03-08 23:16:55.000000,457,1.0,0.0
2024-03-08 23:16:55.000000,458,1.0,0.0
2024-03-08 23:16:55.000000,257,0.0,0.0
2024-03-08 23:16:55.000000,257,0.0,0.0
2024-03-08 23:16:55.000000,449,0.0,0.0
2024-03-08 23:16:55.000000,257,0.0,0.0
2024-03-08 23:16:55.000000,450,0.0,0.0
2024-03-08 23:16:55.000000,257,0.0,0.0
2024-03-08 23:16:55.000000,257,0.0,0.0
2024-03-08 23:16:55.000000,448,0.0,0.0
2024-03-08 23:16:55.000000,447,1.0,0.0
2024-03-08 23:16:55.000000,257,0.0,0.0
2024-03-08 23:16:55.000000,353,0.0,0.0
2024-03-08 23:16:55.000000,353,0.0,0.0
2024-03-08 23:16:55.000000,353,0.0,0.0
2024-03-08 23:16:55.000000,266,0.0,0.0
2024-03-08 23:16:55.000000,352,0.0,0.0
2024-03-08 23:16:55.000000,446,0.0,0.0
2024-03-08 23:16:55.000000,451,0.0,0.0
2024-03-08 23:16:55.000000,257,0.0,0.0
2024-03-08 23:17:20.000000,273,0.0,0.0
2024-03-08 23:17:20.000000,437,0.0,0.0
2024-03-08 23:17:20.000000,438,0.0,0.0
2024-03-08 23:17:20.000000,439,0.0,0.0
2024-03-08 23:17:20.000000,440,0.0,0.0
2024-03-08 23:17:20.000000,442,0.0,0.0
2024-03-08 23:17:20.000000,435,0.0,0.0
2024-03-08 23:17:20.000000,245,0.0,0.0
2024-03-08 23:17:20.000000,443,0.0,0.0
2024-03-08 23:17:20.000000,444,0.0,0.0
2024-03-08 23:17:20.000000,445,0.0,0.0
2024-03-08 23:17:20.000000,212,0.0,0.0
2024-03-08 23:17:20.000000,257,0.0,0.0
2024-03-08 23:17:20.000000,274,0.0,0.0
2024-03-08 23:17:20.000000,196,0.0,0.0
2024-03-08 23:17:20.000000,195,0.0,0.0
2024-03-08 23:17:20.000000,256,1.0,0.0
2024-03-08 23:17:20.000000,436,0.0,0.0
2024-03-08 23:17:20.000000,435,0.0,0.0
2024-03-08 23:17:20.000000,434,0.0,0.0
2024-03-08 23:17:20.000000,433,0.0,0.0
2024-03-08 23:17:20.000000,432,0.0,0.0
2024-03-08 23:17:20.000000,431,0.0,0.0
2024-03-08 23:17:20.000000,189,0.0,0.0
2024-03-08 23:17:20.000000,272,0.0,0.0
2024-03-08 23:17:20.000000,435,0.0,0.0
2024-03-08 23:17:30.000000,257,0.0,0.0
2024-03-08 23:17:30.000000,451,0.0,0.0
2024-03-08 23:17:30.000000,257,0.0,0.0
2024-03-08 23:17:30.000000,452,0.0,0.0
2024-03-08 23:17:30.000000,257,0.0,0.0
2024-03-08 23:17:30.000000,454,0.0,0.0
2024-03-08 23:17:30.000000,257,0.0,0.0
2024-03-08 23:17:30.000000,257,0.0,0.0
2024-03-08 23:17:30.000000,455,0.0,0.0
2024-03-08 23:17:30.000000,456,0.0,0.0
2024-03-08 23:17:30.000000,450,0.0,0.0
2024-03-08 23:17:30.000000,257,0.0,0.0
2024-03-08 23:17:30.000000,457,1.0,0.0
2024-03-08 23:17:30.000000,458,1.0,0.0
2024-03-08 23:17:30.000000,443,0.0,0.0
2024-03-08 23:17:30.000000,257,0.0,0.0
2024-03-08 23:17:30.000000,435,0.0,0.0
2024-03-08 23:17:30.000000,257,0.0,0.0
2024-03-08 23:17:30.000000,449,0.0,0.0
2024-03-08 23:17:30.000000,446,0.0,0.0
2024-03-08 23:17:30.000000,352,0.0,0.0
2024-03-08 23:17:30.000000,266,0.0,0.0
2024-03-08 23:17:30.000000,353,0.0,0.0
2024-03-08 23:17:30.000000,257,0.0,0.0
2024-03-08 23:17:30.000000,353,0.0,0.0
2024-03-08 23:17:30.000000,257,0.0,0.0
2024-03-08 23:17:30.000000,447,1.0,0.0
2024-03-08 23:17:30.000000,353,0.0,0.0
2024-03-08 23:17:30.000000,448,0.0,0.0
2024-03-08 23:17:59.000000,192,0.0,0.0
2024-03-08 23:18:01.000000,193,0.0,0.0
2024-03-08 23:18:02.000000,287,1.0,0.0
2024-03-08 23:18:36.000000,437,0.0,0.0
2024-03-08 23:18:36.000000,438,0.0,0.0
2024-03-08 23:18:36.000000,439,0.0,0.0
2024-03-08 23:18:36.000000,435,0.0,0.0
2024-03-08 23:18:36.000000,442,0.0,0.0
2024-03-08 23:18:36.000000,256,1.0,0.0
2024-03-08 23:18:36.000000,245,0.0,0.0
2024-03-08 23:18:36.000000,443,0.0,0.0
2024-03-08 23:18:36.000000,444,0.0,0.0
2024-03-08 23:18:36.000000,440,0.0,0.0
2024-03-08 23:18:36.000000,436,0.0,0.0
2024-03-08 23:18:36.000000,434,0.0,0.0
2024-03-08 23:18:36.000000,435,0.0,0.0
2024-03-08 23:18:36.000000,433,0.0,0.0
2024-03-08 23:18:36.000000,432,0.0,0.0
2024-03-08 23:18:36.000000,273,0.0,0.0
2024-03-08 23:18:36.000000,272,0.0,0.0
2024-03-08 23:18:36.000000,189,0.0,0.0
2024-03-08 23:18:36.000000,445,0.0,0.0
2024-03-08 23:18:36.000000,435,0.0,0.0
2024-03-08 23:18:36.000000,431,0.0,0.0
2024-03-08 23:18:36.000000,212,0.0,0.0
2024-03-08 23:18:36.000000,257,0.0,0.0
2024-03-08 23:18:36.000000,274,0.0,0.0
2024-03-08 23:18:36.000000,196,0.0,0.0
2024-03-08 23:18:36.000000,195,0.0,0.0
2024-03-08 23:18:46.000000,458,1.0,0.0
2024-03-08 23:18:46.000000,457,1.0,0.0
2024-03-08 23:18:46.000000,257,0.0,0.0
2024-03-08 23:18:46.000000,257,0.0,0.0
2024-03-08 23:18:46.000000,456,0.0,0.0
2024-03-08 23:18:46.000000,455,0.0,0.0
2024-03-08 23:18:46.000000,257,0.0,0.0
2024-03-08 23:18:46.000000,454,0.0,0.0
2024-03-08 23:18:46.000000,257,0.0,0.0
2024-03-08 23:18:46.000000,435,0.0,0.0
2024-03-08 23:18:46.000000,452,0.0,0.0
2024-03-08 23:18:46.000000,257,0.0,0.0
2024-03-08 23:18:46.000000,446,0.0,0.0
2024-03-08 23:18:46.000000,257,0.0,0.0
2024-03-08 23:18:46.000000,352,0.0,0.0
2024-03-08 23:18:46.000000,266,0.0,0.0
2024-03-08 23:18:46.000000,451,0.0,0.0
2024-03-08 23:18:46.000000,353,0.0,0.0
2024-03-08 23:18:46.000000,353,0.0,0.0
2024-03-08 23:18:46.000000,353,0.0,0.0
2024-03-08 23:18:46.000000,257,0.0,0.0
2024-03-08 23:18:46.000000,443,0.0,0.0
2024-03-08 23:18:46.000000,257,0.0,0.0
2024-03-08 23:18:46.000000,447,1.0,0.0
2024-03-08 23:18:46.000000,257,0.0,0.0
2024-03-08 23:18:46.000000,449,0.0,0.0
2024-03-08 23:18:46.000000,450,0.0,0.0
2024-03-08 23:18:46.000000,257,0.0,0.0
2024-03-08 23:18:46.000000,448,0.0,0.0
2024-03-08 23:19:08.000000,212,0.0,0.0
2024-03-08 23:19:08.000000,445,0.0,0.0
2024-03-08 23:19:08.000000,443,0.0,0.0
2024-03-08 23:19:08.000000,245,0.0,0.0
2024-03-08 23:19:08.000000,435,0.0,0.0
2024-03-08 23:19:08.000000,442,0.0,0.0
2024-03-08 23:19:08.000000,440,0.0,0.0
2024-03-08 23:19:08.000000,439,0.0,0.0
2024-03-08 23:19:08.000000,438,0.0,0.0
2024-03-08 23:19:08.000000,189,0.0,0.0
2024-03-08 23:19:08.000000,437,0.0,0.0
2024-03-08 23:19:08.000000,436,0.0,0.0
2024-03-08 23:19:08.000000,195,0.0,0.0
2024-03-08 23:19:08.000000,256,1.0,0.0
2024-03-08 23:19:08.000000,431,0.0,0.0
2024-03-08 23:19:08.000000,432,0.0,0.0
2024-03-08 23:19:08.000000,444,0.0,0.0
2024-03-08 23:19:08.000000,434,0.0,0.0
2024-03-08 23:19:08.000000,435,0.0,0.0
2024-03-08 23:19:08.000000,433,0.0,0.0
2024-03-08 23:19:08.000000,435,0.0,0.0
2024-03-08 23:19:09.000000,274,0.0,0.0
2024-03-08 23:19:09.000000,257,0.0,0.0
2024-03-08 23:19:09.000000,273,0.0,0.0
2024-03-08 23:19:09.000000,272,0.0,0.0
2024-03-08 23:19:09.000000,196,0.0,0.0
2024-03-08 23:19:19.000000,454,0.0,0.0
2024-03-08 23:19:19.000000,257,0.0,0.0
2024-03-08 23:19:19.000000,455,0.0,0.0
2024-03-08 23:19:19.000000,456,0.0,0.0
2024-03-08 23:19:19.000000,257,0.0,0.0
2024-03-08 23:19:19.000000,257,0.0,0.0
2024-03-08 23:19:19.000000,457,1.0,0.0
2024-03-08 23:19:19.000000,458,1.0,0.0
2024-03-08 23:19:19.000000,443,0.0,0.0
2024-03-08 23:19:19.000000,257,0.0,0.0
2024-03-08 23:19:19.000000,257,0.0,0.0
2024-03-08 23:19:19.000000,452,0.0,0.0
2024-03-08 23:19:19.000000,446,0.0,0.0
2024-03-08 23:19:19.000000,352,0.0,0.0
2024-03-08 23:19:19.000000,266,0.0,0.0
2024-03-08 23:19:19.000000,353,0.0,0.0
2024-03-08 23:19:19.000000,353,0.0,0.0
2024-03-08 23:19:19.000000,353,0.0,0.0
2024-03-08 23:19:19.000000,435,0.0,0.0
2024-03-08 23:19:19.000000,257,0.0,0.0
2024-03-08 23:19:19.000000,257,0.0,0.0
2024-03-08 23:19:19.000000,448,0.0,0.0
2024-03-08 23:19:19.000000,257,0.0,0.0
2024-03-08 23:19:19.000000,449,0.0,0.0
2024-03-08 23:19:19.000000,257,0.0,0.0
2024-03-08 23:19:19.000000,451,0.0,0.0
2024-03-08 23:19:19.000000,447,1.0,0.0
2024-03-08 23:19:19.000000,450,0.0,0.0
2024-03-08 23:19:19.000000,257,0.0,0.0
2024-03-08 23:19:44.000000,212,0.0,0.0
2024-03-08 23:19:44.000000,445,0.0,0.0
2024-03-08 23:19:44.000000,444,0.0,0.0
2024-03-08 23:19:44.000000,443,0.0,0.0
2024-03-08 23:19:44.000000,245,0.0,0.0
2024-03-08 23:19:44.000000,435,0.0,0.0
2024-03-08 23:19:44.000000,442,0.0,0.0
2024-03-08 23:19:44.000000,440,0.0,0.0
2024-03-08 23:19:44.000000,439,0.0,0.0
2024-03-08 23:19:44.000000,438,0.0,0.0
2024-03-08 23:19:44.000000,437,0.0,0.0
2024-03-08 23:19:44.000000,256,1.0,0.0
2024-03-08 23:19:44.000000,436,0.0,0.0
2024-03-08 23:19:44.000000,435,0.0,0.0
2024-03-08 23:19:44.000000,435,0.0,0.0
2024-03-08 23:19:44.000000,434,0.0,0.0
2024-03-08 23:19:44.000000,433,0.0,0.0
2024-03-08 23:19:44.000000,432,0.0,0.0
2024-03-08 23:19:44.000000,431,0.0,0.0
2024-03-08 23:19:44.000000,274,0.0,0.0
2024-03-08 23:19:44.000000,196,0.0,0.0
2024-03-08 23:19:44.000000,195,0.0,0.0
2024-03-08 23:19:44.000000,257,0.0,0.0
2024-03-08 23:19:44.000000,273,0.0,0.0
2024-03-08 23:19:44.000000,272,0.0,0.0
2024-03-08 23:19:44.000000,189,0.0,0.0
2024-03-08 23:19:55.000000,456,0.0,0.0
2024-03-08 23:19:55.000000,257,0.0,0.0
2024-03-08 23:19:55.000000,458,1.0,0.0
2024-03-08 23:19:55.000000,457,1.0,0.0
2024-03-08 23:19:55.000000,446,0.0,0.0
2024-03-08 23:19:55.000000,352,0.0,0.0
2024-03-08 23:19:55.000000,266,0.0,0.0
2024-03-08 23:19:55.000000,353,0.0,0.0
2024-03-08 23:19:55.000000,353,0.0,0.0
2024-03-08 23:19:55.000000,353,0.0,0.0
2024-03-08 23:19:55.000000,257,0.0,0.0
2024-03-08 23:19:55.000000,447,1.0,0.0
2024-03-08 23:19:55.000000,257,0.0,0.0
2024-03-08 23:19:55.000000,448,0.0,0.0
2024-03-08 23:19:55.000000,257,0.0,0.0
2024-03-08 23:19:55.000000,257,0.0,0.0
2024-03-08 23:19:55.000000,455,0.0,0.0
2024-03-08 23:19:55.000000,257,0.0,0.0
2024-03-08 23:19:55.000000,454,0.0,0.0
2024-03-08 23:19:55.000000,257,0.0,0.0
2024-03-08 23:19:55.000000,435,0.0,0.0
2024-03-08 23:19:55.000000,443,0.0,0.0
2024-03-08 23:19:55.000000,257,0.0,0.0
2024-03-08 23:19:55.000000,449,0.0,0.0
2024-03-08 23:19:55.000000,257,0.0,0.0
2024-03-08 23:19:55.000000,452,0.0,0.0
2024-03-08 23:19:55.000000,450,0.0,0.0
2024-03-08 23:19:55.000000,257,0.0,0.0
2024-03-08 23:19:55.000000,451,0.0,0.0
2024-03-08 23:20:55.000000,445,0.0,0.0
2024-03-08 23:20:55.000000,272,0.0,0.0
2024-03-08 23:20:55.000000,273,0.0,0.0
2024-03-08 23:20:55.000000,189,0.0,0.0
2024-03-08 23:20:55.000000,257,0.0,0.0
2024-03-08 23:20:55.000000,212,0.0,0.0
2024-03-08 23:20:55.000000,195,0.0,0.0
2024-03-08 23:20:55.000000,196,0.0,0.0
2024-03-08 23:20:55.000000,274,0.0,0.0
2024-03-08 23:20:55.000000,444,0.0,0.0
2024-03-08 23:20:55.000000,438,0.0,0.0
2024-03-08 23:20:55.000000,245,0.0,0.0
2024-03-08 23:20:55.000000,435,0.0,0.0
2024-03-08 23:20:55.000000,442,0.0,0.0
2024-03-08 23:20:55.000000,440,0.0,0.0
2024-03-08 23:20:55.000000,439,0.0,0.0
2024-03-08 23:20:55.000000,437,0.0,0.0
2024-03-08 23:20:55.000000,256,1.0,0.0
2024-03-08 23:20:55.000000,436,0.0,0.0
2024-03-08 23:20:55.000000,435,0.0,0.0
2024-03-08 23:20:55.000000,434,0.0,0.0
2024-03-08 23:20:55.000000,433,0.0,0.0
2024-03-08 23:20:55.000000,431,0.0,0.0
2024-03-08 23:20:55.000000,443,0.0,0.0
2024-03-08 23:20:55.000000,432,0.0,0.0
2024-03-08 23:20:55.000000,435,0.0,0.0
2024-03-08 23:21:05.000000,353,0.0,0.0
2024-03-08 23:21:05.000000,446,0.0,0.0
2024-03-08 23:21:05.000000,352,0.0,0.0
2024-03-08 23:21:05.000000,266,0.0,0.0
2024-03-08 23:21:05.000000,353,0.0,0.0
2024-03-08 23:21:05.000000,353,0.0,0.0
2024-03-08 23:21:05.000000,257,0.0,0.0
2024-03-08 23:21:05.000000,447,1.0,0.0
2024-03-08 23:21:05.000000,257,0.0,0.0
2024-03-08 23:21:05.000000,448,0.0,0.0
2024-03-08 23:21:05.000000,257,0.0,0.0
2024-03-08 23:21:05.000000,449,0.0,0.0
2024-03-08 23:21:05.000000,257,0.0,0.0
2024-03-08 23:21:05.000000,450,0.0,0.0
2024-03-08 23:21:05.000000,458,1.0,0.0
2024-03-08 23:21:05.000000,451,0.0,0.0
2024-03-08 23:21:05.000000,257,0.0,0.0
2024-03-08 23:21:05.000000,457,1.0,0.0
2024-03-08 23:21:05.000000,257,0.0,0.0
2024-03-08 23:21:05.000000,456,0.0,0.0
2024-03-08 23:21:05.000000,455,0.0,0.0
2024-03-08 23:21:05.000000,257,0.0,0.0
2024-03-08 23:21:05.000000,257,0.0,0.0
2024-03-08 23:21:05.000000,454,0.0,0.0
2024-03-08 23:21:05.000000,257,0.0,0.0
2024-03-08 23:21:05.000000,435,0.0,0.0
2024-03-08 23:21:05.000000,452,0.0,0.0
2024-03-08 23:21:05.000000,257,0.0,0.0
2024-03-08 23:21:05.000000,443,0.0,0.0
2024-03-08 23:22:22.000000,442,0.0,0.0
2024-03-08 23:22:22.000000,195,0.0,0.0
2024-03-08 23:22:22.000000,212,0.0,0.0
2024-03-08 23:22:22.000000,445,0.0,0.0
2024-03-08 23:22:22.000000,444,0.0,0.0
2024-03-08 23:22:22.000000,443,0.0,0.0
2024-03-08 23:22:22.000000,245,0.0,0.0
2024-03-08 23:22:22.000000,435,0.0,0.0
2024-03-08 23:22:22.000000,440,0.0,0.0
2024-03-08 23:22:22.000000,435,0.0,0.0
2024-03-08 23:22:22.000000,438,0.0,0.0
2024-03-08 23:22:22.000000,437,0.0,0.0
2024-03-08 23:22:22.000000,256,1.0,0.0
2024-03-08 23:22:22.000000,436,0.0,0.0
2024-03-08 23:22:22.000000,435,0.0,0.0
2024-03-08 23:22:22.000000,434,0.0,0.0
2024-03-08 23:22:22.000000,433,0.0,0.0
2024-03-08 23:22:22.000000,189,0.0,0.0
2024-03-08 23:22:22.000000,439,0.0,0.0
2024-03-08 23:22:22.000000,431,0.0,0.0
2024-03-08 23:22:22.000000,432,0.0,0.0
2024-03-08 23:22:23.000000,272,0.0,0.0
2024-03-08 23:22:23.000000,257,0.0,0.0
2024-03-08 23:22:23.000000,273,0.0,0.0
2024-03-08 23:22:23.000000,196,0.0,0.0
2024-03-08 23:22:23.000000,274,0.0,0.0
2024-03-08 23:22:33.000000,435,0.0,0.0
2024-03-08 23:22:33.000000,257,0.0,0.0
2024-03-08 23:22:33.000000,454,0.0,0.0
2024-03-08 23:22:33.000000,443,0.0,0.0
2024-03-08 23:22:33.000000,257,0.0,0.0
2024-03-08 23:22:33.000000,257,0.0,0.0
2024-03-08 23:22:33.000000,456,0.0,0.0
2024-03-08 23:22:33.000000,452,0.0,0.0
2024-03-08 23:22:33.000000,457,1.0,0.0
2024-03-08 23:22:33.000000,458,1.0,0.0
2024-03-08 23:22:33.000000,455,0.0,0.0
2024-03-08 23:22:33.000000,257,0.0,0.0
2024-03-08 23:22:33.000000,257,0.0,0.0
2024-03-08 23:22:33.000000,257,0.0,0.0
2024-03-08 23:22:33.000000,446,0.0,0.0
2024-03-08 23:22:33.000000,352,0.0,0.0
2024-03-08 23:22:33.000000,451,0.0,0.0
2024-03-08 23:22:33.000000,353,0.0,0.0
2024-03-08 23:22:33.000000,353,0.0,0.0
2024-03-08 23:22:33.000000,353,0.0,0.0
2024-03-08 23:22:33.000000,257,0.0,0.0
2024-03-08 23:22:33.000000,266,0.0,0.0
2024-03-08 23:22:33.000000,447,1.0,0.0
2024-03-08 23:22:33.000000,257,0.0,0.0
2024-03-08 23:22:33.000000,448,0.0,0.0
2024-03-08 23:22:33.000000,450,0.0,0.0
2024-03-08 23:22:33.000000,257,0.0,0.0
2024-03-08 23:22:33.000000,449,0.0,0.0
2024-03-08 23:22:33.000000,257,0.0,0.0
2024-03-08 23:23:33.000000,192,0.0,0.0
2024-03-08 23:23:34.000000,193,0.0,0.0
2024-03-08 23:23:35.000000,287,1.0,0.0
2024-03-08 23:23:43.000001,554,1.0,0.0
2024-03-08 23:23:44.000000,554,1.0,1.0
2024-03-08 23:23:44.000000,554,1.0,1.0
2024-03-08 23:23:44.000000,554,1.0,1.0
2024-03-08 23:23:44.000000,554,1.0,1.0
2024-03-08 23:23:44.000000,554,1.0,1.0
2024-03-08 23:23:44.000000,554,1.0,1.0
2024-03-08 23:23:44.000000,554,1.0,1.0
2024-03-08 23:23:44.000000,554,1.0,1.0
2024-03-08 23:23:44.000000,554,1.0,1.0
2024-03-08 23:24:48.000000,192,0.0,1.0
2024-03-08 23:24:51.000000,193,0.0,1.0
2024-03-08 23:24:53.000000,287,1.0,1.0
2024-03-08 23:26:11.000000,189,0.0,1.0
2024-03-08 23:26:11.000000,272,0.0,1.0
2024-03-08 23:26:11.000000,257,0.0,1.0
2024-03-08 23:26:11.000000,437,0.0,1.0
2024-03-08 23:26:11.000000,445,0.0,1.0
2024-03-08 23:26:11.000000,431,0.0,1.0
2024-03-08 23:26:11.000000,274,0.0,1.0
2024-03-08 23:26:11.000000,196,0.0,1.0
2024-03-08 23:26:11.000000,195,0.0,1.0
2024-03-08 23:26:11.000000,432,0.0,1.0
2024-03-08 23:26:11.000000,433,0.0,1.0
2024-03-08 23:26:11.000000,434,0.0,1.0
2024-03-08 23:26:11.000000,435,0.0,1.0
2024-03-08 23:26:11.000000,435,0.0,1.0
2024-03-08 23:26:11.000000,436,0.0,1.0
2024-03-08 23:26:11.000000,256,1.0,1.0
2024-03-08 23:26:11.000000,273,0.0,1.0
2024-03-08 23:26:11.000000,212,0.0,1.0
2024-03-08 23:26:11.000000,439,0.0,1.0
2024-03-08 23:26:11.000000,438,0.0,1.0
2024-03-08 23:26:11.000000,442,0.0,1.0
2024-03-08 23:26:11.000000,440,0.0,1.0
2024-03-08 23:26:11.000000,444,0.0,1.0
2024-03-08 23:26:11.000000,443,0.0,1.0
2024-03-08 23:26:11.000000,245,0.0,1.0
2024-03-08 23:26:11.000000,435,0.0,1.0
2024-03-08 23:26:21.000000,449,0.0,1.0
2024-03-08 23:26:21.000000,448,0.0,1.0
2024-03-08 23:26:21.000000,257,0.0,1.0
2024-03-08 23:26:21.000000,257,0.0,1.0
2024-03-08 23:26:21.000000,353,0.0,1.0
2024-03-08 23:26:21.000000,353,0.0,1.0
2024-03-08 23:26:21.000000,353,0.0,1.0
2024-03-08 23:26:21.000000,266,0.0,1.0
2024-03-08 23:26:21.000000,352,0.0,1.0
2024-03-08 23:26:21.000000,446,0.0,1.0
2024-03-08 23:26:21.000000,257,0.0,1.0
2024-03-08 23:26:21.000000,447,1.0,1.0
2024-03-08 23:26:21.000000,257,0.0,1.0
2024-03-08 23:26:21.000000,458,1.0,1.0
2024-03-08 23:26:21.000000,457,1.0,1.0
2024-03-08 23:26:21.000000,455,0.0,1.0
2024-03-08 23:26:21.000000,257,0.0,1.0
2024-03-08 23:26:21.000000,257,0.0,1.0
2024-03-08 23:26:21.000000,443,0.0,1.0
2024-03-08 23:26:21.000000,257,0.0,1.0
2024-03-08 23:26:21.000000,456,0.0,1.0
2024-03-08 23:26:21.000000,450,0.0,1.0
2024-03-08 23:26:21.000000,257,0.0,1.0
2024-03-08 23:26:21.000000,451,0.0,1.0
2024-03-08 23:26:21.000000,257,0.0,1.0
2024-03-08 23:26:21.000000,452,0.0,1.0
2024-03-08 23:26:21.000000,435,0.0,1.0
2024-03-08 23:26:21.000000,257,0.0,1.0
2024-03-08 23:26:21.000000,454,0.0,1.0
2024-03-08 23:27:13.000000,192,0.0,1.0
2024-03-08 23:27:15.000000,193,0.0,1.0
2024-03-08 23:27:16.000000,287,1.0,1.0
2024-03-08 23:27:59.000000,196,0.0,1.0
2024-03-08 23:27:59.000000,444,0.0,1.0
2024-03-08 23:27:59.000000,443,0.0,1.0
2024-03-08 23:27:59.000000,245,0.0,1.0
2024-03-08 23:27:59.000000,435,0.0,1.0
2024-03-08 23:27:59.000000,442,0.0,1.0
2024-03-08 23:27:59.000000,440,0.0,1.0
2024-03-08 23:27:59.000000,439,0.0,1.0
2024-03-08 23:27:59.000000,438,0.0,1.0
2024-03-08 23:27:59.000000,437,0.0,1.0
2024-03-08 23:27:59.000000,436,0.0,1.0
2024-03-08 23:27:59.000000,195,0.0,1.0
2024-03-08 23:27:59.000000,435,0.0,1.0
2024-03-08 23:27:59.000000,435,0.0,1.0
2024-03-08 23:27:59.000000,434,0.0,1.0
2024-03-08 23:27:59.000000,433,0.0,1.0
2024-03-08 23:27:59.000000,432,0.0,1.0
2024-03-08 23:27:59.000000,431,0.0,1.0
2024-03-08 23:27:59.000000,274,0.0,1.0
2024-03-08 23:27:59.000000,256,1.0,1.0
2024-03-08 23:27:59.000000,445,0.0,1.0
2024-03-08 23:27:59.000000,257,0.0,1.0
2024-03-08 23:27:59.000000,273,0.0,1.0
2024-03-08 23:27:59.000000,189,0.0,1.0
2024-03-08 23:27:59.000000,212,0.0,1.0
2024-03-08 23:27:59.000000,272,0.0,1.0
2024-03-08 23:28:01.000000,281,0.0,1.0
2024-03-08 23:28:09.000000,257,0.0,1.0
2024-03-08 23:28:09.000000,257,0.0,1.0
2024-03-08 23:28:09.000000,446,0.0,1.0
2024-03-08 23:28:09.000000,454,0.0,1.0
2024-03-08 23:28:09.000000,443,0.0,1.0
2024-03-08 23:28:09.000000,257,0.0,1.0
2024-03-08 23:28:09.000000,455,0.0,1.0
2024-03-08 23:28:09.000000,456,0.0,1.0
2024-03-08 23:28:09.000000,257,0.0,1.0
2024-03-08 23:28:09.000000,257,0.0,1.0
2024-03-08 23:28:09.000000,450,0.0,1.0
2024-03-08 23:28:09.000000,451,0.0,1.0
2024-03-08 23:28:09.000000,257,0.0,1.0
2024-03-08 23:28:09.000000,452,0.0,1.0
2024-03-08 23:28:09.000000,435,0.0,1.0
2024-03-08 23:28:09.000000,449,0.0,1.0
2024-03-08 23:28:09.000000,257,0.0,1.0
2024-03-08 23:28:09.000000,448,0.0,1.0
2024-03-08 23:28:09.000000,257,0.0,1.0
2024-03-08 23:28:09.000000,447,1.0,1.0
2024-03-08 23:28:09.000000,257,0.0,1.0
2024-03-08 23:28:09.000000,353,0.0,1.0
2024-03-08 23:28:09.000000,353,0.0,1.0
2024-03-08 23:28:09.000000,353,0.0,1.0
2024-03-08 23:28:09.000000,266,0.0,1.0
2024-03-08 23:28:09.000000,352,0.0,1.0
2024-03-08 23:28:09.000000,257,0.0,1.0
2024-03-08 23:28:09.000000,458,1.0,1.0
2024-03-08 23:28:09.000000,457,1.0,1.0
2024-03-08 23:29:21.000000,195,0.0,1.0
2024-03-08 23:29:21.000000,435,0.0,1.0
2024-03-08 23:29:21.000000,212,0.0,1.0
2024-03-08 23:29:21.000000,445,0.0,1.0
2024-03-08 23:29:21.000000,444,0.0,1.0
2024-03-08 23:29:21.000000,443,0.0,1.0
2024-03-08 23:29:21.000000,245,0.0,1.0
2024-03-08 23:29:21.000000,435,0.0,1.0
2024-03-08 23:29:21.000000,442,0.0,1.0
2024-03-08 23:29:21.000000,440,0.0,1.0
2024-03-08 23:29:21.000000,189,0.0,1.0
2024-03-08 23:29:21.000000,438,0.0,1.0
2024-03-08 23:29:21.000000,439,0.0,1.0
2024-03-08 23:29:21.000000,434,0.0,1.0
2024-03-08 23:29:21.000000,433,0.0,1.0
2024-03-08 23:29:21.000000,431,0.0,1.0
2024-03-08 23:29:21.000000,432,0.0,1.0
2024-03-08 23:29:21.000000,435,0.0,1.0
2024-03-08 23:29:21.000000,436,0.0,1.0
2024-03-08 23:29:21.000000,256,1.0,1.0
2024-03-08 23:29:21.000000,437,0.0,1.0
2024-03-08 23:29:22.000000,196,0.0,1.0
2024-03-08 23:29:22.000000,274,0.0,1.0
2024-03-08 23:29:22.000000,273,0.0,1.0
2024-03-08 23:29:22.000000,272,0.0,1.0
2024-03-08 23:29:22.000000,257,0.0,1.0
2024-03-08 23:29:32.000000,458,1.0,1.0
2024-03-08 23:29:32.000000,257,0.0,1.0
2024-03-08 23:29:32.000000,257,0.0,1.0
2024-03-08 23:29:32.000000,257,0.0,1.0
2024-03-08 23:29:32.000000,456,0.0,1.0
2024-03-08 23:29:32.000000,455,0.0,1.0
2024-03-08 23:29:32.000000,257,0.0,1.0
2024-03-08 23:29:32.000000,443,0.0,1.0
2024-03-08 23:29:32.000000,454,0.0,1.0
2024-03-08 23:29:32.000000,457,1.0,1.0
2024-03-08 23:29:32.000000,435,0.0,1.0
2024-03-08 23:29:32.000000,257,0.0,1.0
2024-03-08 23:29:32.000000,446,0.0,1.0
2024-03-08 23:29:32.000000,352,0.0,1.0
2024-03-08 23:29:32.000000,266,0.0,1.0
2024-03-08 23:29:32.000000,353,0.0,1.0
2024-03-08 23:29:32.000000,353,0.0,1.0
2024-03-08 23:29:32.000000,353,0.0,1.0
2024-03-08 23:29:32.000000,452,0.0,1.0
2024-03-08 23:29:32.000000,257,0.0,1.0
2024-03-08 23:29:32.000000,257,0.0,1.0
2024-03-08 23:29:32.000000,448,0.0,1.0
2024-03-08 23:29:32.000000,257,0.0,1.0
2024-03-08 23:29:32.000000,449,0.0,1.0
2024-03-08 23:29:32.000000,257,0.0,1.0
2024-03-08 23:29:32.000000,450,0.0,1.0
2024-03-08 23:29:32.000000,257,0.0,1.0
2024-03-08 23:29:32.000000,447,1.0,1.0
2024-03-08 23:29:32.000000,451,0.0,1.0
2024-03-08 23:30:13.000000,192,0.0,1.0
2024-03-08 23:30:15.000000,193,0.0,1.0
2024-03-08 23:30:15.000000,287,1.0,1.0
2024-03-08 23:31:39.000000,439,0.0,1.0
2024-03-08 23:31:39.000000,436,0.0,1.0
2024-03-08 23:31:39.000000,256,1.0,1.0
2024-03-08 23:31:39.000000,437,0.0,1.0
2024-03-08 23:31:39.000000,434,0.0,1.0
2024-03-08 23:31:39.000000,433,0.0,1.0
2024-03-08 23:31:39.000000,432,0.0,1.0
2024-03-08 23:31:39.000000,189,0.0,1.0
2024-03-08 23:31:39.000000,438,0.0,1.0
2024-03-08 23:31:39.000000,435,0.0,1.0
2024-03-08 23:31:39.000000,431,0.0,1.0
2024-03-08 23:31:39.000000,435,0.0,1.0
2024-03-08 23:31:39.000000,440,0.0,1.0
2024-03-08 23:31:39.000000,442,0.0,1.0
2024-03-08 23:31:39.000000,435,0.0,1.0
2024-03-08 23:31:39.000000,245,0.0,1.0
2024-03-08 23:31:39.000000,443,0.0,1.0
2024-03-08 23:31:39.000000,444,0.0,1.0
2024-03-08 23:31:39.000000,445,0.0,1.0
2024-03-08 23:31:39.000000,212,0.0,1.0
2024-03-08 23:31:39.000000,195,0.0,1.0
2024-03-08 23:31:40.000000,196,0.0,1.0
2024-03-08 23:31:40.000000,272,0.0,1.0
2024-03-08 23:31:40.000000,273,0.0,1.0
2024-03-08 23:31:40.000000,257,0.0,1.0
2024-03-08 23:31:40.000000,274,0.0,1.0
2024-03-08 23:31:50.000000,443,0.0,1.0
2024-03-08 23:31:50.000000,257,0.0,1.0
2024-03-08 23:31:50.000000,455,0.0,1.0
2024-03-08 23:31:50.000000,456,0.0,1.0
2024-03-08 23:31:50.000000,457,1.0,1.0
2024-03-08 23:31:50.000000,458,1.0,1.0
2024-03-08 23:31:50.000000,257,0.0,1.0
2024-03-08 23:31:50.000000,257,0.0,1.0
2024-03-08 23:31:50.000000,257,0.0,1.0
2024-03-08 23:31:50.000000,454,0.0,1.0
2024-03-08 23:31:50.000000,353,0.0,1.0
2024-03-08 23:31:50.000000,353,0.0,1.0
2024-03-08 23:31:50.000000,353,0.0,1.0
2024-03-08 23:31:50.000000,257,0.0,1.0
2024-03-08 23:31:50.000000,447,1.0,1.0
2024-03-08 23:31:50.000000,257,0.0,1.0
2024-03-08 23:31:50.000000,448,0.0,1.0
2024-03-08 23:31:50.000000,257,0.0,1.0
2024-03-08 23:31:50.000000,449,0.0,1.0
2024-03-08 23:31:50.000000,257,0.0,1.0
2024-03-08 23:31:50.000000,352,0.0,1.0
2024-03-08 23:31:50.000000,446,0.0,1.0
2024-03-08 23:31:50.000000,266,0.0,1.0
2024-03-08 23:31:50.000000,257,0.0,1.0
2024-03-08 23:31:50.000000,435,0.0,1.0
2024-03-08 23:31:50.000000,452,0.0,1.0
2024-03-08 23:31:50.000000,257,0.0,1.0
2024-03-08 23:31:50.000000,450,0.0,1.0
2024-03-08 23:31:50.000000,451,0.0,1.0
2024-03-08 23:32:36.000000,192,0.0,1.0
2024-03-08 23:32:38.000000,287,1.0,1.0
2024-03-08 23:32:38.000000,193,0.0,1.0
2024-03-08 23:33:43.000000,192,0.0,1.0
2024-03-08 23:33:45.000000,287,1.0,1.0
2024-03-08 23:33:45.000000,193,0.0,1.0
2024-03-08 23:34:44.000000,192,0.0,1.0
2024-03-08 23:34:46.000000,193,0.0,1.0
2024-03-08 23:34:47.000000,287,1.0,1.0
2024-03-08 23:35:44.000000,442,0.0,1.0
2024-03-08 23:35:44.000000,257,0.0,1.0
2024-03-08 23:35:44.000000,212,0.0,1.0
2024-03-08 23:35:44.000000,445,0.0,1.0
2024-03-08 23:35:44.000000,444,0.0,1.0
2024-03-08 23:35:44.000000,443,0.0,1.0
2024-03-08 23:35:44.000000,245,0.0,1.0
2024-03-08 23:35:44.000000,195,0.0,1.0
2024-03-08 23:35:44.000000,196,0.0,1.0
2024-03-08 23:35:44.000000,440,0.0,1.0
2024-03-08 23:35:44.000000,435,0.0,1.0
2024-03-08 23:35:44.000000,438,0.0,1.0
2024-03-08 23:35:44.000000,189,0.0,1.0
2024-03-08 23:35:44.000000,272,0.0,1.0
2024-03-08 23:35:44.000000,273,0.0,1.0
2024-03-08 23:35:44.000000,431,0.0,1.0
2024-03-08 23:35:44.000000,432,0.0,1.0
2024-03-08 23:35:44.000000,439,0.0,1.0
2024-03-08 23:35:44.000000,274,0.0,1.0
2024-03-08 23:35:44.000000,434,0.0,1.0
2024-03-08 23:35:44.000000,437,0.0,1.0
2024-03-08 23:35:44.000000,256,1.0,1.0
2024-03-08 23:35:44.000000,436,0.0,1.0
2024-03-08 23:35:44.000000,435,0.0,1.0
2024-03-08 23:35:44.000000,435,0.0,1.0
2024-03-08 23:35:44.000000,433,0.0,1.0
2024-03-08 23:35:54.000000,257,0.0,1.0
2024-03-08 23:35:54.000000,455,0.0,1.0
2024-03-08 23:35:54.000000,456,0.0,1.0
2024-03-08 23:35:54.000000,352,0.0,1.0
2024-03-08 23:35:54.000000,257,0.0,1.0
2024-03-08 23:35:54.000000,457,1.0,1.0
2024-03-08 23:35:54.000000,443,0.0,1.0
2024-03-08 23:35:54.000000,458,1.0,1.0
2024-03-08 23:35:54.000000,257,0.0,1.0
2024-03-08 23:35:54.000000,454,0.0,1.0
2024-03-08 23:35:54.000000,257,0.0,1.0
2024-03-08 23:35:54.000000,435,0.0,1.0
2024-03-08 23:35:54.000000,266,0.0,1.0
2024-03-08 23:35:54.000000,353,0.0,1.0
2024-03-08 23:35:54.000000,353,0.0,1.0
2024-03-08 23:35:54.000000,353,0.0,1.0
2024-03-08 23:35:54.000000,257,0.0,1.0
2024-03-08 23:35:54.000000,447,1.0,1.0
2024-03-08 23:35:54.000000,257,0.0,1.0
2024-03-08 23:35:54.000000,448,0.0,1.0
2024-03-08 23:35:54.000000,257,0.0,1.0
2024-03-08 23:35:54.000000,449,0.0,1.0
2024-03-08 23:35:54.000000,257,0.0,1.0
2024-03-08 23:35:54.000000,450,0.0,1.0
2024-03-08 23:35:54.000000,451,0.0,1.0
2024-03-08 23:35:54.000000,257,0.0,1.0
2024-03-08 23:35:54.000000,452,0.0,1.0
2024-03-08 23:35:54.000000,446,0.0,1.0
2024-03-08 23:35:54.000000,257,0.0,1.0
2024-03-08 23:36:46.000000,554,1.0,1.0
2024-03-08 23:36:46.000000,554,1.0,1.0
2024-03-08 23:36:46.000000,554,1.0,1.0
2024-03-08 23:36:46.000000,554,1.0,1.0
2024-03-08 23:36:46.000000,140,1.0,1.0
2024-03-08 23:36:46.000000,554,1.0,1.0
2024-03-08 23:36:46.000000,554,1.0,1.0
2024-03-08 23:36:46.000000,554,1.0,1.0
2024-03-08 23:36:46.000000,554,1.0,1.0
2024-03-08 23:36:46.000000,554,1.0,1.0
2024-03-08 23:36:46.000000,554,1.0,1.0
2024-03-08 23:37:07.000000,140,1.0,1.0
2024-03-08 23:37:07.000000,554,1.0,1.0
2024-03-08 23:37:07.000000,554,1.0,1.0
2024-03-08 23:37:07.000000,554,1.0,1.0
2024-03-08 23:37:07.000000,554,1.0,1.0
2024-03-08 23:37:07.000000,554,1.0,1.0
2024-03-08 23:37:07.000000,554,1.0,1.0
2024-03-08 23:37:07.000000,554,1.0,1.0
2024-03-08 23:37:07.000000,554,1.0,1.0
2024-03-08 23:37:07.000000,554,1.0,1.0
2024-03-08 23:37:07.000000,554,1.0,1.0
2024-03-08 23:37:12.000000,434,0.0,1.0
2024-03-08 23:37:12.000000,433,0.0,1.0
2024-03-08 23:37:12.000000,439,0.0,1.0
2024-03-08 23:37:12.000000,435,0.0,1.0
2024-03-08 23:37:12.000000,212,0.0,1.0
2024-03-08 23:37:12.000000,445,0.0,1.0
2024-03-08 23:37:12.000000,444,0.0,1.0
2024-03-08 23:37:12.000000,443,0.0,1.0
2024-03-08 23:37:12.000000,245,0.0,1.0
2024-03-08 23:37:12.000000,435,0.0,1.0
2024-03-08 23:37:12.000000,442,0.0,1.0
2024-03-08 23:37:12.000000,432,0.0,1.0
2024-03-08 23:37:12.000000,440,0.0,1.0
2024-03-08 23:37:12.000000,438,0.0,1.0
2024-03-08 23:37:12.000000,437,0.0,1.0
2024-03-08 23:37:12.000000,256,1.0,1.0
2024-03-08 23:37:12.000000,189,0.0,1.0
2024-03-08 23:37:12.000000,436,0.0,1.0
2024-03-08 23:37:12.000000,435,0.0,1.0
2024-03-08 23:37:12.000000,195,0.0,1.0
2024-03-08 23:37:12.000000,431,0.0,1.0
2024-03-08 23:37:13.000000,257,0.0,1.0
2024-03-08 23:37:13.000000,196,0.0,1.0
2024-03-08 23:37:13.000000,274,0.0,1.0
2024-03-08 23:37:13.000000,273,0.0,1.0
2024-03-08 23:37:13.000000,272,0.0,1.0
2024-03-08 23:37:23.000000,352,0.0,1.0
2024-03-08 23:37:23.000000,266,0.0,1.0
2024-03-08 23:37:23.000000,353,0.0,1.0
2024-03-08 23:37:23.000000,353,0.0,1.0
2024-03-08 23:37:23.000000,353,0.0,1.0
2024-03-08 23:37:23.000000,257,0.0,1.0
2024-03-08 23:37:23.000000,450,0.0,1.0
2024-03-08 23:37:23.000000,257,0.0,1.0
2024-03-08 23:37:23.000000,446,0.0,1.0
2024-03-08 23:37:23.000000,257,0.0,1.0
2024-03-08 23:37:23.000000,452,0.0,1.0
2024-03-08 23:37:23.000000,435,0.0,1.0
2024-03-08 23:37:23.000000,454,0.0,1.0
2024-03-08 23:37:23.000000,443,0.0,1.0
2024-03-08 23:37:23.000000,257,0.0,1.0
2024-03-08 23:37:23.000000,455,0.0,1.0
2024-03-08 23:37:23.000000,456,0.0,1.0
2024-03-08 23:37:23.000000,257,0.0,1.0
2024-03-08 23:37:23.000000,257,0.0,1.0
2024-03-08 23:37:23.000000,457,1.0,1.0
2024-03-08 23:37:23.000000,458,1.0,1.0
2024-03-08 23:37:23.000000,257,0.0,1.0
2024-03-08 23:37:23.000000,451,0.0,1.0
2024-03-08 23:37:23.000000,257,0.0,1.0
2024-03-08 23:37:23.000000,449,0.0,1.0
2024-03-08 23:37:23.000000,447,1.0,1.0
2024-03-08 23:37:23.000000,257,0.0,1.0
2024-03-08 23:37:23.000000,448,0.0,1.0
2024-03-08 23:37:23.000000,257,0.0,1.0
2024-03-08 23:37:45.000000,554,1.0,1.0
2024-03-08 23:37:45.000000,554,1.0,1.0
2024-03-08 23:37:45.000000,554,1.0,1.0
2024-03-08 23:37:45.000000,554,1.0,1.0
2024-03-08 23:37:45.000000,554,1.0,1.0
2024-03-08 23:37:45.000000,554,1.0,1.0
2024-03-08 23:37:45.000000,554,1.0,1.0
2024-03-08 23:37:45.000000,554,1.0,1.0
2024-03-08 23:37:45.000000,554,1.0,1.0
2024-03-08 23:37:45.000000,554,1.0,1.0
2024-03-08 23:37:45.000000,140,1.0,1.0
2024-03-08 23:38:13.000000,437,0.0,1.0
2024-03-08 23:38:13.000000,245,0.0,1.0
2024-03-08 23:38:13.000000,443,0.0,1.0
2024-03-08 23:38:13.000000,444,0.0,1.0
2024-03-08 23:38:13.000000,445,0.0,1.0
2024-03-08 23:38:13.000000,212,0.0,1.0
2024-03-08 23:38:13.000000,257,0.0,1.0
2024-03-08 23:38:13.000000,435,0.0,1.0
2024-03-08 23:38:13.000000,442,0.0,1.0
2024-03-08 23:38:13.000000,440,0.0,1.0
2024-03-08 23:38:13.000000,439,0.0,1.0
2024-03-08 23:38:13.000000,438,0.0,1.0
2024-03-08 23:38:13.000000,256,1.0,1.0
2024-03-08 23:38:13.000000,196,0.0,1.0
2024-03-08 23:38:13.000000,435,0.0,1.0
2024-03-08 23:38:13.000000,274,0.0,1.0
2024-03-08 23:38:13.000000,436,0.0,1.0
2024-03-08 23:38:13.000000,273,0.0,1.0
2024-03-08 23:38:13.000000,272,0.0,1.0
2024-03-08 23:38:13.000000,189,0.0,1.0
2024-03-08 23:38:13.000000,432,0.0,1.0
2024-03-08 23:38:13.000000,433,0.0,1.0
2024-03-08 23:38:13.000000,434,0.0,1.0
2024-03-08 23:38:13.000000,195,0.0,1.0
2024-03-08 23:38:13.000000,435,0.0,1.0
2024-03-08 23:38:13.000000,431,0.0,1.0
2024-03-08 23:38:24.000000,446,0.0,1.0
2024-03-08 23:38:24.000000,352,0.0,1.0
2024-03-08 23:38:24.000000,266,0.0,1.0
2024-03-08 23:38:24.000000,353,0.0,1.0
2024-03-08 23:38:24.000000,353,0.0,1.0
2024-03-08 23:38:24.000000,353,0.0,1.0
2024-03-08 23:38:24.000000,257,0.0,1.0
2024-03-08 23:38:24.000000,447,1.0,1.0
2024-03-08 23:38:24.000000,448,0.0,1.0
2024-03-08 23:38:24.000000,449,0.0,1.0
2024-03-08 23:38:24.000000,257,0.0,1.0
2024-03-08 23:38:24.000000,458,1.0,1.0
2024-03-08 23:38:24.000000,457,1.0,1.0
2024-03-08 23:38:24.000000,257,0.0,1.0
2024-03-08 23:38:24.000000,257,0.0,1.0
2024-03-08 23:38:24.000000,456,0.0,1.0
2024-03-08 23:38:24.000000,455,0.0,1.0
2024-03-08 23:38:24.000000,257,0.0,1.0
2024-03-08 23:38:24.000000,443,0.0,1.0
2024-03-08 23:38:24.000000,257,0.0,1.0
2024-03-08 23:38:24.000000,257,0.0,1.0
2024-03-08 23:38:24.000000,435,0.0,1.0
2024-03-08 23:38:24.000000,452,0.0,1.0
2024-03-08 23:38:24.000000,257,0.0,1.0
2024-03-08 23:38:24.000000,451,0.0,1.0
2024-03-08 23:38:24.000000,257,0.0,1.0
2024-03-08 23:38:24.000000,450,0.0,1.0
2024-03-08 23:38:24.000000,257,0.0,1.0
2024-03-08 23:38:24.000000,454,0.0,1.0
2024-03-08 23:38:26.000000,554,1.0,1.0
2024-03-08 23:38:26.000000,554,1.0,1.0
2024-03-08 23:38:26.000000,554,1.0,1.0
2024-03-08 23:38:26.000000,554,1.0,1.0
2024-03-08 23:38:26.000000,554,1.0,1.0
2024-03-08 23:38:26.000000,554,1.0,1.0
2024-03-08 23:38:26.000000,554,1.0,1.0
2024-03-08 23:38:26.000000,140,1.0,1.0
2024-03-08 23:38:26.000000,554,1.0,1.0
2024-03-08 23:38:26.000000,554,1.0,1.0
2024-03-08 23:38:26.000000,554,1.0,1.0
2024-03-08 23:39:00.000000,554,1.0,1.0
2024-03-08 23:39:00.000000,554,1.0,1.0
2024-03-08 23:39:00.000000,554,1.0,1.0
2024-03-08 23:39:00.000000,554,1.0,1.0
2024-03-08 23:39:00.000000,554,1.0,1.0
2024-03-08 23:39:00.000000,554,1.0,1.0
2024-03-08 23:39:00.000000,554,1.0,1.0
2024-03-08 23:39:00.000000,554,1.0,1.0
2024-03-08 23:39:00.000000,140,1.0,1.0
2024-03-08 23:39:00.000000,554,1.0,1.0
2024-03-08 23:39:00.000000,554,1.0,1.0
2024-03-08 23:39:07.000000,272,0.0,1.0
2024-03-08 23:39:07.000000,273,0.0,1.0
2024-03-08 23:39:07.000000,195,0.0,1.0
2024-03-08 23:39:07.000000,189,0.0,1.0
2024-03-08 23:39:07.000000,444,0.0,1.0
2024-03-08 23:39:07.000000,212,0.0,1.0
2024-03-08 23:39:07.000000,431,0.0,1.0
2024-03-08 23:39:07.000000,432,0.0,1.0
2024-03-08 23:39:07.000000,433,0.0,1.0
2024-03-08 23:39:07.000000,434,0.0,1.0
2024-03-08 23:39:07.000000,435,0.0,1.0
2024-03-08 23:39:07.000000,435,0.0,1.0
2024-03-08 23:39:07.000000,436,0.0,1.0
2024-03-08 23:39:07.000000,256,1.0,1.0
2024-03-08 23:39:07.000000,437,0.0,1.0
2024-03-08 23:39:07.000000,438,0.0,1.0
2024-03-08 23:39:07.000000,439,0.0,1.0
2024-03-08 23:39:07.000000,440,0.0,1.0
2024-03-08 23:39:07.000000,442,0.0,1.0
2024-03-08 23:39:07.000000,435,0.0,1.0
2024-03-08 23:39:07.000000,245,0.0,1.0
2024-03-08 23:39:07.000000,443,0.0,1.0
2024-03-08 23:39:07.000000,196,0.0,1.0
2024-03-08 23:39:07.000000,445,0.0,1.0
2024-03-08 23:39:07.000000,257,0.0,1.0
2024-03-08 23:39:07.000000,274,0.0,1.0
2024-03-08 23:39:17.000000,257,0.0,1.0
2024-03-08 23:39:17.000000,435,0.0,1.0
2024-03-08 23:39:17.000000,257,0.0,1.0
2024-03-08 23:39:17.000000,443,0.0,1.0
2024-03-08 23:39:17.000000,454,0.0,1.0
2024-03-08 23:39:17.000000,257,0.0,1.0
2024-03-08 23:39:17.000000,452,0.0,1.0
2024-03-08 23:39:17.000000,257,0.0,1.0
2024-03-08 23:39:17.000000,451,0.0,1.0
2024-03-08 23:39:17.000000,257,0.0,1.0
2024-03-08 23:39:17.000000,450,0.0,1.0
2024-03-08 23:39:17.000000,257,0.0,1.0
2024-03-08 23:39:17.000000,449,0.0,1.0
2024-03-08 23:39:17.000000,448,0.0,1.0
2024-03-08 23:39:17.000000,455,0.0,1.0
2024-03-08 23:39:17.000000,257,0.0,1.0
2024-03-08 23:39:17.000000,257,0.0,1.0
2024-03-08 23:39:17.000000,353,0.0,1.0
2024-03-08 23:39:17.000000,353,0.0,1.0
2024-03-08 23:39:17.000000,353,0.0,1.0
2024-03-08 23:39:17.000000,266,0.0,1.0
2024-03-08 23:39:17.000000,352,0.0,1.0
2024-03-08 23:39:17.000000,446,0.0,1.0
2024-03-08 23:39:17.000000,456,0.0,1.0
2024-03-08 23:39:17.000000,257,0.0,1.0
2024-03-08 23:39:17.000000,257,0.0,1.0
2024-03-08 23:39:17.000000,457,1.0,1.0
2024-03-08 23:39:17.000000,458,1.0,1.0
2024-03-08 23:39:17.000000,447,1.0,1.0
2024-03-08 23:39:30.000000,554,1.0,1.0
2024-03-08 23:39:30.000000,554,1.0,1.0
2024-03-08 23:39:30.000000,554,1.0,1.0
2024-03-08 23:39:30.000000,554,1.0,1.0
2024-03-08 23:39:30.000000,554,1.0,1.0
2024-03-08 23:39:30.000000,554,1.0,1.0
2024-03-08 23:39:30.000000,554,1.0,1.0
2024-03-08 23:39:30.000000,554,1.0,1.0
2024-03-08 23:39:30.000000,554,1.0,1.0
2024-03-08 23:39:30.000000,554,1.0,1.0
2024-03-08 23:39:30.000000,140,1.0,1.0
2024-03-08 23:39:45.000000,192,0.0,1.0
2024-03-08 23:39:47.000000,193,0.0,1.0
2024-03-08 23:39:47.000000,287,1.0,1.0
2024-03-08 23:39:48.000000,554,1.0,1.0
2024-03-08 23:39:48.000000,554,1.0,1.0
2024-03-08 23:39:48.000000,554,1.0,1.0
2024-03-08 23:39:48.000000,140,1.0,1.0
2024-03-08 23:39:48.000000,554,1.0,1.0
2024-03-08 23:39:48.000000,554,1.0,1.0
2024-03-08 23:39:48.000000,554,1.0,1.0
2024-03-08 23:39:48.000000,554,1.0,1.0
2024-03-08 23:39:48.000000,554,1.0,1.0
2024-03-08 23:39:48.000000,554,1.0,1.0
2024-03-08 23:39:48.000000,554,1.0,1.0
2024-03-08 23:40:03.000000,554,1.0,1.0
2024-03-08 23:40:03.000000,554,1.0,1.0
2024-03-08 23:40:03.000000,554,1.0,1.0
2024-03-08 23:40:03.000000,554,1.0,1.0
2024-03-08 23:40:03.000000,554,1.0,1.0
2024-03-08 23:40:03.000000,554,1.0,1.0
2024-03-08 23:40:03.000000,554,1.0,1.0
2024-03-08 23:40:03.000000,554,1.0,1.0
2024-03-08 23:40:03.000000,554,1.0,1.0
2024-03-08 23:40:03.000000,554,1.0,1.0
2024-03-08 23:40:03.000000,140,1.0,1.0
2024-03-08 23:40:17.000000,554,1.0,1.0
2024-03-08 23:40:17.000000,554,1.0,1.0
2024-03-08 23:40:17.000000,554,1.0,1.0
2024-03-08 23:40:17.000000,554,1.0,1.0
2024-03-08 23:40:17.000000,554,1.0,1.0
2024-03-08 23:40:17.000000,554,1.0,1.0
2024-03-08 23:40:17.000000,554,1.0,1.0
2024-03-08 23:40:17.000000,554,1.0,1.0
2024-03-08 23:40:17.000000,554,1.0,1.0
2024-03-08 23:40:17.000000,554,1.0,1.0
2024-03-08 23:40:17.000000,140,1.0,1.0
2024-03-08 23:40:31.000000,554,1.0,1.0
2024-03-08 23:40:31.000000,554,1.0,1.0
2024-03-08 23:40:31.000000,554,1.0,1.0
2024-03-08 23:40:31.000000,554,1.0,1.0
2024-03-08 23:40:31.000000,554,1.0,1.0
2024-03-08 23:40:31.000000,554,1.0,1.0
2024-03-08 23:40:31.000000,554,1.0,1.0
2024-03-08 23:40:31.000000,554,1.0,1.0
2024-03-08 23:40:31.000000,140,1.0,1.0
2024-03-08 23:40:31.000000,554,1.0,1.0
2024-03-08 23:40:31.000000,554,1.0,1.0
2024-03-08 23:40:49.000000,140,1.0,1.0
2024-03-08 23:40:49.000000,554,1.0,1.0
2024-03-08 23:40:49.000000,554,1.0,1.0
2024-03-08 23:40:49.000000,554,1.0,1.0
2024-03-08 23:40:49.000000,554,1.0,1.0
2024-03-08 23:40:49.000000,554,1.0,1.0
2024-03-08 23:40:49.000000,554,1.0,1.0
2024-03-08 23:40:49.000000,554,1.0,1.0
2024-03-08 23:40:49.000000,554,1.0,1.0
2024-03-08 23:40:49.000000,554,1.0,1.0
2024-03-08 23:40:49.000000,554,1.0,1.0
2024-03-08 23:41:01.000000,554,1.0,1.0
2024-03-08 23:41:01.000000,140,1.0,1.0
2024-03-08 23:41:01.000000,554,1.0,1.0
2024-03-08 23:41:01.000000,554,1.0,1.0
2024-03-08 23:41:01.000000,554,1.0,1.0
2024-03-08 23:41:01.000000,554,1.0,1.0
2024-03-08 23:41:01.000000,554,1.0,1.0
2024-03-08 23:41:01.000000,554,1.0,1.0
2024-03-08 23:41:01.000000,554,1.0,1.0
2024-03-08 23:41:01.000000,554,1.0,1.0
2024-03-08 23:41:01.000000,554,1.0,1.0
2024-03-08 23:41:08.000000,192,0.0,1.0
2024-03-08 23:41:11.000000,193,0.0,1.0
2024-03-08 23:41:11.000000,287,1.0,1.0
2024-03-08 23:41:26.000000,140,1.0,1.0
2024-03-08 23:41:26.000000,554,1.0,1.0
2024-03-08 23:41:26.000000,554,1.0,1.0
2024-03-08 23:41:26.000000,554,1.0,1.0
2024-03-08 23:41:26.000000,554,1.0,1.0
2024-03-08 23:41:26.000000,554,1.0,1.0
2024-03-08 23:41:26.000000,554,1.0,1.0
2024-03-08 23:41:26.000000,554,1.0,1.0
2024-03-08 23:41:26.000000,554,1.0,1.0
2024-03-08 23:41:26.000000,554,1.0,1.0
2024-03-08 23:41:26.000000,554,1.0,1.0
2024-03-08 23:41:41.000000,554,1.0,1.0
2024-03-08 23:41:41.000000,554,1.0,1.0
2024-03-08 23:41:41.000000,554,1.0,1.0
2024-03-08 23:41:41.000000,554,1.0,1.0
2024-03-08 23:41:41.000000,554,1.0,1.0
2024-03-08 23:41:41.000000,554,1.0,1.0
2024-03-08 23:41:41.000000,554,1.0,1.0
2024-03-08 23:41:41.000000,554,1.0,1.0
2024-03-08 23:41:41.000000,140,1.0,1.0
2024-03-08 23:41:41.000000,554,1.0,1.0
2024-03-08 23:41:41.000000,554,1.0,1.0
2024-03-08 23:41:55.000000,140,1.0,1.0
2024-03-08 23:41:55.000000,554,1.0,1.0
2024-03-08 23:41:55.000000,554,1.0,1.0
2024-03-08 23:41:55.000000,554,1.0,1.0
2024-03-08 23:41:55.000000,554,1.0,1.0
2024-03-08 23:41:55.000000,554,1.0,1.0
2024-03-08 23:41:55.000000,554,1.0,1.0
2024-03-08 23:41:55.000000,554,1.0,1.0
2024-03-08 23:41:55.000000,554,1.0,1.0
2024-03-08 23:41:55.000000,554,1.0,1.0
2024-03-08 23:41:55.000000,554,1.0,1.0
2024-03-08 23:42:01.000000,192,0.0,1.0
2024-03-08 23:42:03.000000,193,0.0,1.0
2024-03-08 23:42:05.000000,287,1.0,1.0
2024-03-08 23:42:16.000000,554,1.0,1.0
2024-03-08 23:42:16.000000,554,1.0,1.0
2024-03-08 23:42:16.000000,554,1.0,1.0
2024-03-08 23:42:16.000000,554,1.0,1.0
2024-03-08 23:42:16.000000,554,1.0,1.0
2024-03-08 23:42:16.000000,554,1.0,1.0
2024-03-08 23:42:16.000000,140,1.0,1.0
2024-03-08 23:42:16.000000,554,1.0,1.0
2024-03-08 23:42:16.000000,554,1.0,1.0
2024-03-08 23:42:16.000000,554,1.0,1.0
2024-03-08 23:42:16.000000,554,1.0,1.0
2024-03-08 23:42:27.000000,554,1.0,1.0
2024-03-08 23:42:27.000000,554,1.0,1.0
2024-03-08 23:42:27.000000,554,1.0,1.0
2024-03-08 23:42:27.000000,554,1.0,1.0
2024-03-08 23:42:27.000000,554,1.0,1.0
2024-03-08 23:42:27.000000,140,1.0,1.0
2024-03-08 23:42:27.000000,554,1.0,1.0
2024-03-08 23:42:27.000000,554,1.0,1.0
2024-03-08 23:42:27.000000,554,1.0,1.0
2024-03-08 23:42:27.000000,554,1.0,1.0
2024-03-08 23:42:27.000000,554,1.0,1.0
2024-03-08 23:42:43.000000,554,1.0,1.0
2024-03-08 23:42:43.000000,554,1.0,1.0
2024-03-08 23:42:43.000000,554,1.0,1.0
2024-03-08 23:42:43.000000,140,1.0,1.0
2024-03-08 23:42:43.000000,554,1.0,1.0
2024-03-08 23:42:43.000000,554,1.0,1.0
2024-03-08 23:42:43.000000,554,1.0,1.0
2024-03-08 23:42:43.000000,554,1.0,1.0
2024-03-08 23:42:43.000000,554,1.0,1.0
2024-03-08 23:42:43.000000,554,1.0,1.0
2024-03-08 23:42:43.000000,554,1.0,1.0
2024-03-08 23:42:53.000000,431,0.0,1.0
2024-03-08 23:42:53.000000,432,0.0,1.0
2024-03-08 23:42:53.000000,433,0.0,1.0
2024-03-08 23:42:53.000000,195,0.0,1.0
2024-03-08 23:42:53.000000,189,0.0,1.0
2024-03-08 23:42:53.000000,434,0.0,1.0
2024-03-08 23:42:54.000000,435,0.0,1.0
2024-03-08 23:42:54.000000,140,1.0,1.0
2024-03-08 23:42:54.000000,272,0.0,1.0
2024-03-08 23:42:54.000000,273,0.0,1.0
2024-03-08 23:42:54.000000,554,1.0,1.0
2024-03-08 23:42:54.000000,554,1.0,1.0
2024-03-08 23:42:54.000000,554,1.0,1.0
2024-03-08 23:42:54.000000,554,1.0,1.0
2024-03-08 23:42:54.000000,554,1.0,1.0
2024-03-08 23:42:54.000000,554,1.0,1.0
2024-03-08 23:42:54.000000,554,1.0,1.0
2024-03-08 23:42:54.000000,257,0.0,1.0
2024-03-08 23:42:54.000000,212,0.0,1.0
2024-03-08 23:42:54.000000,445,0.0,1.0
2024-03-08 23:42:54.000000,554,1.0,1.0
2024-03-08 23:42:54.000000,435,0.0,1.0
2024-03-08 23:42:54.000000,436,0.0,1.0
2024-03-08 23:42:54.000000,256,1.0,1.0
2024-03-08 23:42:54.000000,437,0.0,1.0
2024-03-08 23:42:54.000000,438,0.0,1.0
2024-03-08 23:42:54.000000,439,0.0,1.0
2024-03-08 23:42:54.000000,554,1.0,1.0
2024-03-08 23:42:54.000000,440,0.0,1.0
2024-03-08 23:42:54.000000,435,0.0,1.0
2024-03-08 23:42:54.000000,245,0.0,1.0
2024-03-08 23:42:54.000000,443,0.0,1.0
2024-03-08 23:42:54.000000,274,0.0,1.0
2024-03-08 23:42:54.000000,196,0.0,1.0
2024-03-08 23:42:54.000000,444,0.0,1.0
2024-03-08 23:42:54.000000,442,0.0,1.0
2024-03-08 23:42:54.000000,554,1.0,1.0
2024-03-08 23:43:04.000000,457,1.0,1.0
2024-03-08 23:43:04.000000,257,0.0,1.0
2024-03-08 23:43:04.000000,455,0.0,1.0
2024-03-08 23:43:04.000000,456,0.0,1.0
2024-03-08 23:43:04.000000,257,0.0,1.0
2024-03-08 23:43:04.000000,257,0.0,1.0
2024-03-08 23:43:04.000000,458,1.0,1.0
2024-03-08 23:43:04.000000,443,0.0,1.0
2024-03-08 23:43:04.000000,435,0.0,1.0
2024-03-08 23:43:04.000000,257,0.0,1.0
2024-03-08 23:43:04.000000,257,0.0,1.0
2024-03-08 23:43:04.000000,452,0.0,1.0
2024-03-08 23:43:04.000000,257,0.0,1.0
2024-03-08 23:43:04.000000,353,0.0,1.0
2024-03-08 23:43:04.000000,353,0.0,1.0
2024-03-08 23:43:04.000000,353,0.0,1.0
2024-03-08 23:43:04.000000,447,1.0,1.0
2024-03-08 23:43:04.000000,266,0.0,1.0
2024-03-08 23:43:04.000000,257,0.0,1.0
2024-03-08 23:43:04.000000,448,0.0,1.0
2024-03-08 23:43:04.000000,449,0.0,1.0
2024-03-08 23:43:04.000000,257,0.0,1.0
2024-03-08 23:43:04.000000,450,0.0,1.0
2024-03-08 23:43:04.000000,352,0.0,1.0
2024-03-08 23:43:04.000000,446,0.0,1.0
2024-03-08 23:43:04.000000,454,0.0,1.0
2024-03-08 23:43:04.000000,257,0.0,1.0
2024-03-08 23:43:04.000000,451,0.0,1.0
2024-03-08 23:43:04.000000,257,0.0,1.0
2024-03-08 23:43:11.000000,554,1.0,1.0
2024-03-08 23:43:11.000000,554,1.0,1.0
2024-03-08 23:43:11.000000,554,1.0,1.0
2024-03-08 23:43:11.000000,554,1.0,1.0
2024-03-08 23:43:11.000000,554,1.0,1.0
2024-03-08 23:43:11.000000,554,1.0,1.0
2024-03-08 23:43:11.000000,554,1.0,1.0
2024-03-08 23:43:11.000000,554,1.0,1.0
2024-03-08 23:43:11.000000,554,1.0,1.0
2024-03-08 23:43:11.000000,554,1.0,1.0
2024-03-08 23:43:11.000000,140,1.0,1.0
2024-03-08 23:43:27.000000,554,1.0,1.0
2024-03-08 23:43:27.000000,554,1.0,1.0
2024-03-08 23:43:27.000000,554,1.0,1.0
2024-03-08 23:43:27.000000,554,1.0,1.0
2024-03-08 23:43:27.000000,554,1.0,1.0
2024-03-08 23:43:27.000000,554,1.0,1.0
2024-03-08 23:43:27.000000,554,1.0,1.0
2024-03-08 23:43:27.000000,554,1.0,1.0
2024-03-08 23:43:27.000000,554,1.0,1.0
2024-03-08 23:43:27.000000,140,1.0,1.0
2024-03-08 23:43:27.000000,554,1.0,1.0
2024-03-08 23:43:41.000000,554,1.0,1.0
2024-03-08 23:43:41.000000,554,1.0,1.0
2024-03-08 23:43:41.000000,554,1.0,1.0
2024-03-08 23:43:41.000000,554,1.0,1.0
2024-03-08 23:43:41.000000,140,1.0,1.0
2024-03-08 23:43:41.000000,554,1.0,1.0
2024-03-08 23:43:41.000000,554,1.0,1.0
2024-03-08 23:43:41.000000,554,1.0,1.0
2024-03-08 23:43:41.000000,554,1.0,1.0
2024-03-08 23:43:41.000000,554,1.0,1.0
2024-03-08 23:43:41.000000,554,1.0,1.0
2024-03-08 23:43:45.000000,192,0.0,1.0
2024-03-08 23:43:48.000000,193,0.0,1.0
2024-03-08 23:43:50.000000,287,1.0,1.0
2024-03-08 23:43:55.000000,554,1.0,1.0
2024-03-08 23:43:55.000000,140,1.0,1.0
2024-03-08 23:43:55.000000,554,1.0,1.0
2024-03-08 23:43:55.000000,554,1.0,1.0
2024-03-08 23:43:55.000000,554,1.0,1.0
2024-03-08 23:43:55.000000,554,1.0,1.0
2024-03-08 23:43:55.000000,554,1.0,1.0
2024-03-08 23:43:55.000000,554,1.0,1.0
2024-03-08 23:43:55.000000,554,1.0,1.0
2024-03-08 23:43:55.000000,554,1.0,1.0
2024-03-08 23:43:55.000000,554,1.0,1.0
2024-03-08 23:44:08.000000,140,1.0,1.0
2024-03-08 23:44:08.000000,554,1.0,1.0
2024-03-08 23:44:08.000000,554,1.0,1.0
2024-03-08 23:44:08.000000,554,1.0,1.0
2024-03-08 23:44:08.000000,554,1.0,1.0
2024-03-08 23:44:08.000000,554,1.0,1.0
2024-03-08 23:44:08.000000,554,1.0,1.0
2024-03-08 23:44:08.000000,554,1.0,1.0
2024-03-08 23:44:08.000000,554,1.0,1.0
2024-03-08 23:44:08.000000,554,1.0,1.0
2024-03-08 23:44:08.000000,554,1.0,1.0
2024-03-08 23:44:14.000000,554,1.0,1.0
2024-03-08 23:44:14.000000,140,1.0,1.0
2024-03-08 23:44:14.000000,554,1.0,1.0
2024-03-08 23:44:14.000000,554,1.0,1.0
2024-03-08 23:44:14.000000,554,1.0,1.0
2024-03-08 23:44:14.000000,554,1.0,1.0
2024-03-08 23:44:14.000000,554,1.0,1.0
2024-03-08 23:44:14.000000,554,1.0,1.0
2024-03-08 23:44:14.000000,554,1.0,1.0
2024-03-08 23:44:14.000000,554,1.0,1.0
2024-03-08 23:44:14.000000,554,1.0,1.0
2024-03-08 23:44:22.000000,554,1.0,1.0
2024-03-08 23:44:22.000000,554,1.0,1.0
2024-03-08 23:44:22.000000,554,1.0,1.0
2024-03-08 23:44:22.000000,554,1.0,1.0
2024-03-08 23:44:22.000000,554,1.0,1.0
2024-03-08 23:44:22.000000,554,1.0,1.0
2024-03-08 23:44:22.000000,554,1.0,1.0
2024-03-08 23:44:22.000000,554,1.0,1.0
2024-03-08 23:44:22.000000,554,1.0,1.0
2024-03-08 23:44:22.000000,554,1.0,1.0
2024-03-08 23:44:22.000000,140,1.0,1.0
2024-03-08 23:44:31.000000,554,1.0,1.0
2024-03-08 23:44:31.000000,554,1.0,1.0
2024-03-08 23:44:31.000000,554,1.0,1.0
2024-03-08 23:44:31.000000,554,1.0,1.0
2024-03-08 23:44:31.000000,554,1.0,1.0
2024-03-08 23:44:31.000000,554,1.0,1.0
2024-03-08 23:44:31.000000,554,1.0,1.0
2024-03-08 23:44:31.000000,554,1.0,1.0
2024-03-08 23:44:31.000000,554,1.0,1.0
2024-03-08 23:44:31.000000,140,1.0,1.0
2024-03-08 23:44:31.000000,554,1.0,1.0
2024-03-08 23:44:36.000000,554,1.0,1.0
2024-03-08 23:44:36.000000,140,1.0,1.0
2024-03-08 23:44:36.000000,554,1.0,1.0
2024-03-08 23:44:36.000000,554,1.0,1.0
2024-03-08 23:44:36.000000,554,1.0,1.0
2024-03-08 23:44:36.000000,554,1.0,1.0
2024-03-08 23:44:36.000000,554,1.0,1.0
2024-03-08 23:44:36.000000,554,1.0,1.0
2024-03-08 23:44:36.000000,554,1.0,1.0
2024-03-08 23:44:36.000000,554,1.0,1.0
2024-03-08 23:44:36.000000,554,1.0,1.0
2024-03-08 23:44:41.000001,554,1.0,1.0
2024-03-08 23:44:42.000000,554,1.0,1.0
2024-03-08 23:44:42.000000,554,1.0,1.0
2024-03-08 23:44:42.000000,554,1.0,1.0
2024-03-08 23:44:42.000000,140,1.0,1.0
2024-03-08 23:44:42.000000,554,1.0,1.0
2024-03-08 23:44:42.000000,554,1.0,1.0
2024-03-08 23:44:42.000000,554,1.0,1.0
2024-03-08 23:44:42.000000,554,1.0,1.0
2024-03-08 23:44:42.000000,554,1.0,1.0
2024-03-08 23:44:42.000000,554,1.0,1.0
2024-03-08 23:44:44.000000,274,0.0,1.0
2024-03-08 23:44:44.000000,435,0.0,1.0
2024-03-08 23:44:44.000000,434,0.0,1.0
2024-03-08 23:44:44.000000,444,0.0,1.0
2024-03-08 23:44:44.000000,433,0.0,1.0
2024-03-08 23:44:44.000000,432,0.0,1.0
2024-03-08 23:44:44.000000,431,0.0,1.0
2024-03-08 23:44:44.000000,196,0.0,1.0
2024-03-08 23:44:44.000000,445,0.0,1.0
2024-03-08 23:44:44.000000,212,0.0,1.0
2024-03-08 23:44:44.000000,257,0.0,1.0
2024-03-08 23:44:44.000000,435,0.0,1.0
2024-03-08 23:44:44.000000,273,0.0,1.0
2024-03-08 23:44:44.000000,272,0.0,1.0
2024-03-08 23:44:44.000000,189,0.0,1.0
2024-03-08 23:44:44.000000,195,0.0,1.0
2024-03-08 23:44:44.000000,436,0.0,1.0
2024-03-08 23:44:44.000000,437,0.0,1.0
2024-03-08 23:44:44.000000,443,0.0,1.0
2024-03-08 23:44:44.000000,245,0.0,1.0
2024-03-08 23:44:44.000000,435,0.0,1.0
2024-03-08 23:44:44.000000,442,0.0,1.0
2024-03-08 23:44:44.000000,440,0.0,1.0
2024-03-08 23:44:44.000000,439,0.0,1.0
2024-03-08 23:44:44.000000,438,0.0,1.0
2024-03-08 23:44:44.000000,256,1.0,1.0
2024-03-08 23:44:48.000000,554,1.0,1.0
2024-03-08 23:44:48.000000,554,1.0,1.0
2024-03-08 23:44:48.000000,140,1.0,1.0
2024-03-08 23:44:48.000000,554,1.0,1.0
2024-03-08 23:44:48.000000,554,1.0,1.0
2024-03-08 23:44:48.000000,554,1.0,1.0
2024-03-08 23:44:48.000000,554,1.0,1.0
2024-03-08 23:44:48.000000,554,1.0,1.0
2024-03-08 23:44:48.000000,554,1.0,1.0
2024-03-08 23:44:48.000000,554,1.0,1.0
2024-03-08 23:44:48.000000,554,1.0,1.0
2024-03-08 23:44:54.000000,451,0.0,1.0
2024-03-08 23:44:54.000000,257,0.0,1.0
2024-03-08 23:44:54.000000,450,0.0,1.0
2024-03-08 23:44:54.000000,257,0.0,1.0
2024-03-08 23:44:54.000000,449,0.0,1.0
2024-03-08 23:44:54.000000,257,0.0,1.0
2024-03-08 23:44:54.000000,353,0.0,1.0
2024-03-08 23:44:54.000000,257,0.0,1.0
2024-03-08 23:44:54.000000,447,1.0,1.0
2024-03-08 23:44:54.000000,257,0.0,1.0
2024-03-08 23:44:54.000000,353,0.0,1.0
2024-03-08 23:44:54.000000,353,0.0,1.0
2024-03-08 23:44:54.000000,266,0.0,1.0
2024-03-08 23:44:54.000000,352,0.0,1.0
2024-03-08 23:44:54.000000,446,0.0,1.0
2024-03-08 23:44:54.000000,448,0.0,1.0
2024-03-08 23:44:54.000000,454,0.0,1.0
2024-03-08 23:44:54.000000,452,0.0,1.0
2024-03-08 23:44:54.000000,257,0.0,1.0
2024-03-08 23:44:54.000000,257,0.0,1.0
2024-03-08 23:44:54.000000,554,1.0,1.0
2024-03-08 23:44:54.000000,554,1.0,1.0
2024-03-08 23:44:54.000000,554,1.0,1.0
2024-03-08 23:44:54.000000,554,1.0,1.0
2024-03-08 23:44:54.000000,443,0.0,1.0
2024-03-08 23:44:54.000000,554,1.0,1.0
2024-03-08 23:44:54.000000,554,1.0,1.0
2024-03-08 23:44:54.000000,554,1.0,1.0
2024-03-08 23:44:54.000000,554,1.0,1.0
2024-03-08 23:44:54.000000,554,1.0,1.0
2024-03-08 23:44:54.000000,140,1.0,1.0
2024-03-08 23:44:54.000000,554,1.0,1.0
2024-03-08 23:44:54.000000,257,0.0,1.0
2024-03-08 23:44:54.000000,455,0.0,1.0
2024-03-08 23:44:54.000000,458,1.0,1.0
2024-03-08 23:44:54.000000,457,1.0,1.0
2024-03-08 23:44:54.000000,257,0.0,1.0
2024-03-08 23:44:54.000000,435,0.0,1.0
2024-03-08 23:44:54.000000,257,0.0,1.0
2024-03-08 23:44:54.000000,456,0.0,1.0
2024-03-08 23:45:00.000000,554,1.0,1.0
2024-03-08 23:45:00.000000,554,1.0,1.0
2024-03-08 23:45:00.000000,554,1.0,1.0
2024-03-08 23:45:00.000000,554,1.0,1.0
2024-03-08 23:45:00.000000,554,1.0,1.0
2024-03-08 23:45:00.000000,554,1.0,1.0
2024-03-08 23:45:00.000000,554,1.0,1.0
2024-03-08 23:45:00.000000,554,1.0,1.0
2024-03-08 23:45:00.000000,554,1.0,1.0
2024-03-08 23:45:00.000000,140,1.0,1.0
2024-03-08 23:45:00.000000,554,1.0,1.0
2024-03-08 23:45:07.000000,144,0.0,1.0
2024-03-08 23:45:07.000000,143,0.0,1.0
2024-03-08 23:45:07.000000,342,1.0,1.0
2024-03-08 23:45:07.000000,342,1.0,1.0
2024-03-08 23:45:07.000000,341,0.0,1.0
2024-03-08 23:45:07.000000,199,0.0,1.0
2024-03-08 23:45:14.000000,342,1.0,1.0
2024-03-08 23:45:14.000000,144,0.0,1.0
2024-03-08 23:45:14.000000,143,0.0,1.0
2024-03-08 23:45:14.000000,199,0.0,1.0
2024-03-08 23:45:14.000000,342,1.0,1.0
2024-03-08 23:45:14.000000,341,0.0,1.0
2024-03-08 23:45:22.000000,341,0.0,1.0
2024-03-08 23:45:22.000000,144,0.0,1.0
2024-03-08 23:45:22.000000,143,0.0,1.0
2024-03-08 23:45:33.000000,445,0.0,1.0
2024-03-08 23:45:33.000000,444,0.0,1.0
2024-03-08 23:45:33.000000,443,0.0,1.0
2024-03-08 23:45:33.000000,245,0.0,1.0
2024-03-08 23:45:33.000000,435,0.0,1.0
2024-03-08 23:45:33.000000,442,0.0,1.0
2024-03-08 23:45:33.000000,440,0.0,1.0
2024-03-08 23:45:33.000000,439,0.0,1.0
2024-03-08 23:45:33.000000,438,0.0,1.0
2024-03-08 23:45:33.000000,437,0.0,1.0
2024-03-08 23:45:33.000000,256,1.0,1.0
2024-03-08 23:45:33.000000,436,0.0,1.0
2024-03-08 23:45:33.000000,435,0.0,1.0
2024-03-08 23:45:33.000000,435,0.0,1.0
2024-03-08 23:45:33.000000,434,0.0,1.0
2024-03-08 23:45:33.000000,433,0.0,1.0
2024-03-08 23:45:33.000000,432,0.0,1.0
2024-03-08 23:45:33.000000,431,0.0,1.0
2024-03-08 23:45:33.000000,195,0.0,1.0
2024-03-08 23:45:33.000000,189,0.0,1.0
2024-03-08 23:45:33.000000,212,0.0,1.0
2024-03-08 23:45:34.000000,274,0.0,1.0
2024-03-08 23:45:34.000000,196,0.0,1.0
2024-03-08 23:45:34.000000,273,0.0,1.0
2024-03-08 23:45:34.000000,272,0.0,1.0
2024-03-08 23:45:34.000000,257,0.0,1.0
2025-01-01 12:12:12.000000,0,1.0,1.0
